0 0.99 0.01 0 
0.1 0.989811 0.0101221 6.70393e-05 
0.2 0.98962 0.0102456 0.00013483 
0.3 0.989426 0.0103705 0.00020338 
0.4 0.98923 0.010497 0.0002727 
0.5 0.989032 0.0106249 0.000342797 
0.6 0.988832 0.0107544 0.000413683 
0.7 0.988629 0.0108854 0.000485365 
0.8 0.988424 0.011018 0.000557854 
0.9 0.988217 0.0111521 0.000631159 
1 0.988007 0.0112878 0.00070529 
1.1 0.987795 0.0114251 0.000780256 
1.2 0.98758 0.0115641 0.000856068 
1.3 0.987363 0.0117046 0.000932735 
1.4 0.987143 0.0118469 0.00101027 
1.5 0.986921 0.0119908 0.00108868 
1.6 0.986696 0.0121364 0.00116797 
1.7 0.986468 0.0122837 0.00124816 
1.8 0.986238 0.0124327 0.00132926 
1.9 0.986005 0.0125835 0.00141128 
2 0.98577 0.0127361 0.00149422 
2.1 0.985531 0.0128904 0.00157811 
2.2 0.98529 0.0130466 0.00166294 
2.3 0.985047 0.0132046 0.00174874 
2.4 0.9848 0.0133644 0.00183551 
2.5 0.984551 0.0135261 0.00192326 
2.6 0.984298 0.0136897 0.00201201 
2.7 0.984043 0.0138552 0.00210177 
2.8 0.983785 0.0140226 0.00219255 
2.9 0.983524 0.014192 0.00228436 
3 0.983259 0.0143633 0.00237721 
3.1 0.982992 0.0145367 0.00247112 
3.2 0.982722 0.014712 0.0025661 
3.3 0.982448 0.0148894 0.00266215 
3.4 0.982172 0.0150689 0.0027593 
3.5 0.981892 0.0152504 0.00285756 
3.6 0.981609 0.015434 0.00295693 
3.7 0.981323 0.0156197 0.00305743 
3.8 0.981033 0.0158076 0.00315908 
3.9 0.98074 0.0159977 0.00326189 
4 0.980444 0.0161899 0.00336586 
4.1 0.980145 0.0163844 0.00347103 
4.2 0.979842 0.0165811 0.00357739 
4.3 0.979535 0.01678 0.00368496 
4.4 0.979225 0.0169812 0.00379375 
4.5 0.978911 0.0171848 0.00390379 
4.6 0.978594 0.0173906 0.00401508 
4.7 0.978274 0.0175989 0.00412764 
4.8 0.977949 0.0178095 0.00424148 
4.9 0.977621 0.0180225 0.00435662 
5 0.977289 0.0182379 0.00447307 
5.1 0.976953 0.0184558 0.00459085 
5.2 0.976614 0.0186761 0.00470997 
5.3 0.976271 0.018899 0.00483045 
5.4 0.975923 0.0191244 0.0049523 
5.5 0.975572 0.0193523 0.00507554 
5.6 0.975217 0.0195828 0.00520019 
5.7 0.974858 0.0198159 0.00532625 
5.8 0.974495 0.0200517 0.00545375 
5.9 0.974127 0.0202901 0.00558271 
6 0.973756 0.0205312 0.00571313 
6.1 0.97338 0.020775 0.00584504 
6.2 0.973 0.0210215 0.00597844 
6.3 0.972616 0.0212708 0.00611337 
6.4 0.972227 0.0215229 0.00624983 
6.5 0.971834 0.0217778 0.00638785 
6.6 0.971437 0.0220356 0.00652744 
6.7 0.971035 0.0222962 0.00666861 
6.8 0.970629 0.0225597 0.00681139 
6.9 0.970218 0.0228262 0.00695579 
7 0.969803 0.0230956 0.00710183 
7.1 0.969382 0.023368 0.00724953 
7.2 0.968958 0.0236434 0.00739891 
7.3 0.968528 0.0239218 0.00754999 
7.4 0.968094 0.0242034 0.00770278 
7.5 0.967655 0.024488 0.0078573 
7.6 0.967211 0.0247757 0.00801357 
7.7 0.966762 0.0250666 0.00817162 
7.8 0.966308 0.0253607 0.00833146 
7.9 0.965849 0.025658 0.00849311 
8 0.965385 0.0259586 0.00865659 
8.1 0.964916 0.0262624 0.00882191 
8.2 0.964441 0.0265695 0.00898911 
8.3 0.963962 0.02688 0.0091582 
8.4 0.963477 0.0271938 0.0093292 
8.5 0.962987 0.0275111 0.00950214 
8.6 0.962491 0.0278317 0.00967702 
8.7 0.96199 0.0281558 0.00985388 
8.8 0.961484 0.0284834 0.0100327 
8.9 0.960972 0.0288146 0.0102136 
9 0.960454 0.0291492 0.0103965 
9.1 0.959931 0.0294875 0.0105815 
9.2 0.959402 0.0298293 0.0107685 
9.3 0.958867 0.0301748 0.0109577 
9.4 0.958327 0.030524 0.0111489 
9.5 0.957781 0.0308769 0.0113424 
9.6 0.957229 0.0312335 0.011538 
9.7 0.95667 0.0315939 0.0117357 
9.8 0.956106 0.0319581 0.0119357 
9.9 0.955536 0.0323261 0.012138 
10 0.95496 0.032698 0.0123425 
10.1 0.954377 0.0330737 0.0125493 
10.2 0.953788 0.0334534 0.0127584 
10.3 0.953193 0.0338371 0.0129698 
10.4 0.952592 0.0342247 0.0131836 
10.5 0.951984 0.0346164 0.0133998 
10.6 0.951369 0.0350121 0.0136184 
10.7 0.950749 0.035412 0.0138394 
10.8 0.950121 0.0358159 0.0140629 
10.9 0.949487 0.036224 0.0142888 
11 0.948846 0.0366362 0.0145173 
11.1 0.948199 0.0370527 0.0147483 
11.2 0.947545 0.0374734 0.0149818 
11.3 0.946884 0.0378984 0.015218 
11.4 0.946216 0.0383278 0.0154567 
11.5 0.94554 0.0387614 0.0156981 
11.6 0.944858 0.0391994 0.0159421 
11.7 0.944169 0.0396419 0.0161889 
11.8 0.943473 0.0400888 0.0164383 
11.9 0.942769 0.0405401 0.0166905 
12 0.942059 0.0409959 0.0169455 
12.1 0.94134 0.0414563 0.0172033 
12.2 0.940615 0.0419213 0.0174638 
12.3 0.939882 0.0423908 0.0177273 
12.4 0.939141 0.042865 0.0179936 
12.5 0.938393 0.0433438 0.0182628 
12.6 0.937638 0.0438273 0.018535 
12.7 0.936874 0.0443156 0.0188102 
12.8 0.936103 0.0448086 0.0190883 
12.9 0.935324 0.0453063 0.0193694 
13 0.934537 0.0458089 0.0196536 
13.1 0.933743 0.0463163 0.0199409 
13.2 0.93294 0.0468286 0.0202313 
13.3 0.932129 0.0473459 0.0205248 
13.4 0.93131 0.047868 0.0208216 
13.5 0.930483 0.0483951 0.0211215 
13.6 0.929648 0.0489272 0.0214246 
13.7 0.928805 0.0494643 0.021731 
13.8 0.927953 0.0500064 0.0220407 
13.9 0.927093 0.0505537 0.0223537 
14 0.926224 0.051106 0.02267 
14.1 0.925347 0.0516635 0.0229897 
14.2 0.924461 0.0522261 0.0233129 
14.3 0.923567 0.0527939 0.0236395 
14.4 0.922664 0.053367 0.0239695 
14.5 0.921752 0.0539452 0.0243031 
14.6 0.920831 0.0545288 0.0246402 
14.7 0.919902 0.0551176 0.0249809 
14.8 0.918963 0.0557118 0.0253252 
14.9 0.918016 0.0563112 0.0256731 
15 0.917059 0.0569161 0.0260246 
15.1 0.916094 0.0575264 0.0263799 
15.2 0.915119 0.058142 0.0267389 
15.3 0.914135 0.0587631 0.0271017 
15.4 0.913142 0.0593897 0.0274682 
15.5 0.91214 0.0600217 0.0278386 
15.6 0.911128 0.0606593 0.0282129 
15.7 0.910107 0.0613024 0.028591 
15.8 0.909076 0.061951 0.028973 
15.9 0.908036 0.0626052 0.0293591 
16 0.906986 0.063265 0.0297491 
16.1 0.905927 0.0639304 0.0301431 
16.2 0.904857 0.0646014 0.0305412 
16.3 0.903779 0.065278 0.0309434 
16.4 0.90269 0.0659603 0.0313497 
16.5 0.901592 0.0666483 0.0317602 
16.6 0.900483 0.067342 0.0321748 
16.7 0.899365 0.0680413 0.0325937 
16.8 0.898237 0.0687464 0.0330169 
16.9 0.897098 0.0694572 0.0334443 
17 0.89595 0.0701738 0.0338761 
17.1 0.894792 0.0708961 0.0343122 
17.2 0.893623 0.0716242 0.0347528 
17.3 0.892444 0.0723581 0.0351977 
17.4 0.891255 0.0730978 0.0356472 
17.5 0.890056 0.0738432 0.0361011 
17.6 0.888846 0.0745945 0.0365595 
17.7 0.887626 0.0753516 0.0370226 
17.8 0.886395 0.0761145 0.0374902 
17.9 0.885154 0.0768832 0.0379625 
18 0.883903 0.0776577 0.0384394 
18.1 0.882641 0.0784381 0.038921 
18.2 0.881368 0.0792243 0.0394074 
18.3 0.880085 0.0800164 0.0398986 
18.4 0.878791 0.0808143 0.0403945 
18.5 0.877487 0.081618 0.0408953 
18.6 0.876172 0.0824275 0.041401 
18.7 0.874846 0.0832429 0.0419115 
18.8 0.873509 0.0840641 0.0424271 
18.9 0.872161 0.0848912 0.0429476 
19 0.870803 0.085724 0.0434731 
19.1 0.869434 0.0865627 0.0440036 
19.2 0.868054 0.0874071 0.0445392 
19.3 0.866663 0.0882574 0.04508 
19.4 0.865261 0.0891134 0.0456258 
19.5 0.863848 0.0899752 0.0461769 
19.6 0.862424 0.0908428 0.0467332 
19.7 0.860989 0.0917161 0.0472947 
19.8 0.859543 0.0925951 0.0478615 
19.9 0.858087 0.0934799 0.0484336 
20 0.856619 0.0943703 0.049011 
20.1 0.85514 0.0952664 0.0495938 
20.2 0.85365 0.0961682 0.0501821 
20.3 0.852149 0.0970756 0.0507757 
20.4 0.850637 0.0979886 0.0513749 
20.5 0.849113 0.0989072 0.0519795 
20.6 0.847579 0.0998314 0.0525897 
20.7 0.846034 0.100761 0.0532054 
20.8 0.844477 0.101696 0.0538268 
20.9 0.842909 0.102637 0.0544537 
21 0.841331 0.103583 0.0550863 
21.1 0.839741 0.104535 0.0557247 
21.2 0.83814 0.105491 0.0563687 
21.3 0.836528 0.106454 0.0570185 
21.4 0.834905 0.107421 0.0576741 
21.5 0.833271 0.108394 0.0583354 
21.6 0.831625 0.109372 0.0590027 
21.7 0.829969 0.110355 0.0596757 
21.8 0.828302 0.111344 0.0603547 
21.9 0.826623 0.112337 0.0610396 
22 0.824934 0.113335 0.0617305 
22.1 0.823234 0.114339 0.0624273 
22.2 0.821523 0.115347 0.0631301 
22.3 0.8198 0.116361 0.063839 
22.4 0.818067 0.117379 0.0645539 
22.5 0.816323 0.118402 0.065275 
22.6 0.814568 0.119429 0.0660021 
22.7 0.812803 0.120462 0.0667354 
22.8 0.811026 0.121499 0.0674748 
22.9 0.809239 0.12254 0.0682204 
23 0.807441 0.123586 0.0689722 
23.1 0.805633 0.124637 0.0697303 
23.2 0.803814 0.125692 0.0704946 
23.3 0.801984 0.126751 0.0712652 
23.4 0.800144 0.127814 0.0720421 
23.5 0.798293 0.128882 0.0728253 
23.6 0.796432 0.129954 0.0736149 
23.7 0.79456 0.131029 0.0744108 
23.8 0.792678 0.132109 0.0752131 
23.9 0.790786 0.133192 0.0760218 
24 0.788883 0.13428 0.076837 
24.1 0.786971 0.135371 0.0776586 
24.2 0.785048 0.136465 0.0784866 
24.3 0.783116 0.137563 0.0793211 
24.4 0.781173 0.138665 0.0801621 
24.5 0.77922 0.13977 0.0810097 
24.6 0.777258 0.140878 0.0818637 
24.7 0.775286 0.14199 0.0827243 
24.8 0.773304 0.143104 0.0835915 
24.9 0.771313 0.144222 0.0844652 
25 0.769312 0.145342 0.0853455 
25.1 0.767302 0.146466 0.0862324 
25.2 0.765282 0.147592 0.0871259 
25.3 0.763253 0.148721 0.0880261 
25.4 0.761215 0.149852 0.0889328 
25.5 0.759168 0.150986 0.0898462 
25.6 0.757112 0.152122 0.0907663 
25.7 0.755047 0.15326 0.091693 
25.8 0.752973 0.154401 0.0926264 
25.9 0.750891 0.155543 0.0935664 
26 0.7488 0.156687 0.0945131 
26.1 0.7467 0.157834 0.0954665 
26.2 0.744592 0.158981 0.0964267 
26.3 0.742476 0.160131 0.0973934 
26.4 0.740351 0.161282 0.0983669 
26.5 0.738219 0.162434 0.0993471 
26.6 0.736078 0.163588 0.100334 
26.7 0.73393 0.164742 0.101328 
26.8 0.731774 0.165898 0.102328 
26.9 0.729611 0.167054 0.103335 
27 0.72744 0.168212 0.104349 
27.1 0.725261 0.16937 0.105369 
27.2 0.723076 0.170528 0.106396 
27.3 0.720883 0.171687 0.10743 
27.4 0.718683 0.172846 0.10847 
27.5 0.716477 0.174005 0.109518 
27.6 0.714264 0.175165 0.110572 
27.7 0.712044 0.176324 0.111632 
27.8 0.709818 0.177483 0.112699 
27.9 0.707585 0.178642 0.113773 
28 0.705346 0.1798 0.114854 
28.1 0.703101 0.180958 0.115941 
28.2 0.700851 0.182115 0.117034 
28.3 0.698594 0.183271 0.118135 
28.4 0.696332 0.184426 0.119242 
28.5 0.694065 0.18558 0.120355 
28.6 0.691792 0.186732 0.121475 
28.7 0.689514 0.187884 0.122602 
28.8 0.687231 0.189033 0.123735 
28.9 0.684943 0.190181 0.124875 
29 0.682651 0.191328 0.126021 
29.1 0.680354 0.192472 0.127174 
29.2 0.678052 0.193614 0.128333 
29.3 0.675746 0.194755 0.129499 
29.4 0.673437 0.195892 0.130671 
29.5 0.671123 0.197028 0.13185 
29.6 0.668805 0.19816 0.133034 
29.7 0.666484 0.19929 0.134226 
29.8 0.664159 0.200418 0.135423 
29.9 0.661831 0.201542 0.136627 
30 0.6595 0.202663 0.137837 
30.1 0.657166 0.20378 0.139053 
30.2 0.654829 0.204895 0.140276 
30.3 0.65249 0.206005 0.141505 
30.4 0.650148 0.207113 0.14274 
30.5 0.647803 0.208216 0.143981 
30.6 0.645457 0.209315 0.145228 
30.7 0.643108 0.21041 0.146481 
30.8 0.640758 0.211501 0.14774 
30.9 0.638406 0.212588 0.149006 
31 0.636053 0.21367 0.150277 
31.1 0.633698 0.214748 0.151554 
31.2 0.631342 0.215821 0.152837 
31.3 0.628985 0.216889 0.154126 
31.4 0.626627 0.217952 0.155421 
31.5 0.624269 0.21901 0.156721 
31.6 0.62191 0.220063 0.158027 
31.7 0.619551 0.22111 0.159339 
31.8 0.617191 0.222152 0.160657 
31.9 0.614832 0.223188 0.16198 
32 0.612473 0.224219 0.163309 
32.1 0.610114 0.225243 0.164643 
32.2 0.607756 0.226262 0.165983 
32.3 0.605398 0.227274 0.167328 
32.4 0.603041 0.228281 0.168678 
32.5 0.600685 0.22928 0.170034 
32.6 0.598331 0.230274 0.171395 
32.7 0.595978 0.231261 0.172762 
32.8 0.593626 0.232241 0.174133 
32.9 0.591276 0.233214 0.17551 
33 0.588928 0.234181 0.176892 
33.1 0.586581 0.23514 0.178279 
33.2 0.584237 0.236092 0.17967 
33.3 0.581896 0.237037 0.181067 
33.4 0.579556 0.237975 0.182469 
33.5 0.57722 0.238905 0.183875 
33.6 0.574886 0.239828 0.185286 
33.7 0.572555 0.240743 0.186702 
33.8 0.570227 0.24165 0.188123 
33.9 0.567903 0.242549 0.189548 
34 0.565582 0.24344 0.190978 
34.1 0.563264 0.244324 0.192412 
34.2 0.560951 0.245199 0.193851 
34.3 0.558641 0.246066 0.195293 
34.4 0.556335 0.246924 0.196741 
34.5 0.554033 0.247775 0.198192 
34.6 0.551736 0.248616 0.199648 
34.7 0.549443 0.249449 0.201108 
34.8 0.547155 0.250274 0.202572 
34.9 0.544871 0.251089 0.20404 
35 0.542592 0.251896 0.205512 
35.1 0.540319 0.252694 0.206987 
35.2 0.53805 0.253483 0.208467 
35.3 0.535787 0.254263 0.20995 
35.4 0.53353 0.255033 0.211437 
35.5 0.531278 0.255795 0.212928 
35.6 0.529031 0.256547 0.214422 
35.7 0.526791 0.25729 0.215919 
35.8 0.524556 0.258023 0.21742 
35.9 0.522328 0.258747 0.218925 
36 0.520106 0.259462 0.220433 
36.1 0.51789 0.260167 0.221943 
36.2 0.51568 0.260862 0.223458 
36.3 0.513478 0.261548 0.224975 
36.4 0.511281 0.262224 0.226495 
36.5 0.509092 0.26289 0.228018 
36.6 0.50691 0.263546 0.229544 
36.7 0.504735 0.264193 0.231073 
36.8 0.502567 0.264829 0.232604 
36.9 0.500406 0.265456 0.234139 
37 0.498252 0.266072 0.235675 
37.1 0.496107 0.266679 0.237215 
37.2 0.493968 0.267275 0.238757 
37.3 0.491838 0.267861 0.240301 
37.4 0.489715 0.268438 0.241848 
37.5 0.4876 0.269004 0.243396 
37.6 0.485493 0.26956 0.244948 
37.7 0.483394 0.270105 0.246501 
37.8 0.481304 0.270641 0.248056 
37.9 0.479221 0.271166 0.249613 
38 0.477147 0.271681 0.251172 
38.1 0.475082 0.272185 0.252733 
38.2 0.473025 0.27268 0.254296 
38.3 0.470976 0.273164 0.25586 
38.4 0.468937 0.273637 0.257426 
38.5 0.466906 0.2741 0.258994 
38.6 0.464884 0.274553 0.260563 
38.7 0.462871 0.274996 0.262133 
38.8 0.460866 0.275428 0.263705 
38.9 0.458871 0.27585 0.265278 
39 0.456885 0.276262 0.266853 
39.1 0.454909 0.276663 0.268428 
39.2 0.452941 0.277054 0.270005 
39.3 0.450983 0.277434 0.271582 
39.4 0.449035 0.277805 0.273161 
39.5 0.447096 0.278165 0.27474 
39.6 0.445166 0.278514 0.27632 
39.7 0.443246 0.278853 0.277901 
39.8 0.441335 0.279182 0.279482 
39.9 0.439435 0.279501 0.281064 
40 0.437544 0.27981 0.282647 
40.1 0.435662 0.280108 0.28423 
40.2 0.433791 0.280396 0.285813 
40.3 0.43193 0.280674 0.287397 
40.4 0.430078 0.280942 0.28898 
40.5 0.428236 0.281199 0.290565 
40.6 0.426405 0.281447 0.292149 
40.7 0.424583 0.281684 0.293733 
40.8 0.422772 0.281911 0.295317 
40.9 0.42097 0.282129 0.296901 
41 0.419179 0.282336 0.298485 
41.1 0.417398 0.282534 0.300068 
41.2 0.415627 0.282721 0.301652 
41.3 0.413866 0.282899 0.303235 
41.4 0.412116 0.283067 0.304817 
41.5 0.410376 0.283225 0.306399 
41.6 0.408646 0.283373 0.307981 
41.7 0.406927 0.283512 0.309562 
41.8 0.405218 0.283641 0.311142 
41.9 0.403519 0.28376 0.312721 
42 0.40183 0.28387 0.3143 
42.1 0.400152 0.28397 0.315878 
42.2 0.398485 0.284061 0.317454 
42.3 0.396828 0.284142 0.31903 
42.4 0.395181 0.284214 0.320605 
42.5 0.393545 0.284277 0.322178 
42.6 0.391919 0.28433 0.323751 
42.7 0.390304 0.284375 0.325322 
42.8 0.388699 0.28441 0.326892 
42.9 0.387104 0.284436 0.32846 
43 0.38552 0.284453 0.330027 
43.1 0.383947 0.284461 0.331593 
43.2 0.382384 0.28446 0.333157 
43.3 0.380831 0.28445 0.334719 
43.4 0.379289 0.284431 0.33628 
43.5 0.377757 0.284404 0.337839 
43.6 0.376236 0.284368 0.339396 
43.7 0.374725 0.284323 0.340952 
43.8 0.373225 0.28427 0.342506 
43.9 0.371735 0.284208 0.344057 
44 0.370255 0.284138 0.345607 
44.1 0.368786 0.28406 0.347154 
44.2 0.367327 0.283973 0.3487 
44.3 0.365879 0.283878 0.350243 
44.4 0.364441 0.283775 0.351784 
44.5 0.363013 0.283663 0.353323 
44.6 0.361596 0.283544 0.35486 
44.7 0.360189 0.283417 0.356394 
44.8 0.358792 0.283282 0.357926 
44.9 0.357406 0.283139 0.359455 
45 0.35603 0.282988 0.360982 
45.1 0.354664 0.28283 0.362507 
45.2 0.353308 0.282664 0.364028 
45.3 0.351962 0.28249 0.365547 
45.4 0.350627 0.282309 0.367064 
45.5 0.349302 0.282121 0.368577 
45.6 0.347987 0.281925 0.370088 
45.7 0.346681 0.281722 0.371596 
45.8 0.345386 0.281512 0.373101 
45.9 0.344101 0.281295 0.374604 
46 0.342826 0.281071 0.376103 
46.1 0.341561 0.28084 0.377599 
46.2 0.340306 0.280602 0.379092 
46.3 0.339061 0.280357 0.380582 
46.4 0.337826 0.280105 0.382069 
46.5 0.3366 0.279847 0.383553 
46.6 0.335385 0.279582 0.385033 
46.7 0.334179 0.279311 0.38651 
46.8 0.332983 0.279033 0.387984 
46.9 0.331796 0.278749 0.389455 
47 0.33062 0.278458 0.390922 
47.1 0.329453 0.278162 0.392386 
47.2 0.328295 0.277859 0.393846 
47.3 0.327147 0.27755 0.395303 
47.4 0.326009 0.277235 0.396756 
47.5 0.32488 0.276914 0.398206 
47.6 0.323761 0.276588 0.399652 
47.7 0.322651 0.276255 0.401094 
47.8 0.32155 0.275917 0.402533 
47.9 0.320459 0.275573 0.403968 
48 0.319377 0.275224 0.405399 
48.1 0.318304 0.274869 0.406827 
48.2 0.31724 0.274509 0.408251 
48.3 0.316186 0.274144 0.409671 
48.4 0.315141 0.273773 0.411087 
48.5 0.314105 0.273397 0.412499 
48.6 0.313077 0.273016 0.413907 
48.7 0.312059 0.27263 0.415311 
48.8 0.31105 0.272239 0.416711 
48.9 0.31005 0.271843 0.418107 
49 0.309059 0.271442 0.4195 
49.1 0.308076 0.271036 0.420888 
49.2 0.307103 0.270626 0.422272 
49.3 0.306138 0.270211 0.423651 
49.4 0.305181 0.269791 0.425027 
49.5 0.304234 0.269368 0.426399 
49.6 0.303295 0.268939 0.427766 
49.7 0.302365 0.268507 0.429129 
49.8 0.301443 0.26807 0.430488 
49.9 0.300529 0.267628 0.431842 
50 0.299624 0.267183 0.433192 
50.1 0.298728 0.266734 0.434538 
50.2 0.29784 0.266281 0.43588 
50.3 0.29696 0.265823 0.437217 
50.4 0.296088 0.265362 0.43855 
50.5 0.295225 0.264897 0.439878 
50.6 0.29437 0.264429 0.441202 
50.7 0.293522 0.263956 0.442521 
50.8 0.292683 0.26348 0.443836 
50.9 0.291852 0.263001 0.445147 
51 0.291029 0.262518 0.446453 
51.1 0.290214 0.262032 0.447754 
51.2 0.289407 0.261542 0.449051 
51.3 0.288608 0.261049 0.450343 
51.4 0.287816 0.260553 0.451631 
51.5 0.287033 0.260054 0.452914 
51.6 0.286256 0.259551 0.454192 
51.7 0.285488 0.259046 0.455466 
51.8 0.284727 0.258537 0.456735 
51.9 0.283974 0.258026 0.458 
52 0.283228 0.257512 0.45926 
52.1 0.28249 0.256995 0.460515 
52.2 0.281759 0.256475 0.461765 
52.3 0.281036 0.255953 0.463011 
52.4 0.28032 0.255428 0.464252 
52.5 0.279611 0.2549 0.465488 
52.6 0.27891 0.25437 0.46672 
52.7 0.278216 0.253838 0.467946 
52.8 0.277529 0.253303 0.469168 
52.9 0.276849 0.252766 0.470385 
53 0.276176 0.252227 0.471598 
53.1 0.27551 0.251685 0.472805 
53.2 0.274851 0.251141 0.474008 
53.3 0.274199 0.250595 0.475206 
53.4 0.273554 0.250047 0.476399 
53.5 0.272916 0.249497 0.477587 
53.6 0.272285 0.248945 0.47877 
53.7 0.27166 0.248391 0.479949 
53.8 0.271042 0.247836 0.481122 
53.9 0.270431 0.247278 0.482291 
54 0.269826 0.246719 0.483455 
54.1 0.269228 0.246158 0.484613 
54.2 0.268637 0.245595 0.485767 
54.3 0.268052 0.245031 0.486917 
54.4 0.267474 0.244466 0.488061 
54.5 0.266902 0.243898 0.4892 
54.6 0.266336 0.24333 0.490334 
54.7 0.265777 0.24276 0.491464 
54.8 0.265224 0.242188 0.492588 
54.9 0.264677 0.241615 0.493708 
55 0.264136 0.241041 0.494822 
55.1 0.263602 0.240466 0.495932 
55.2 0.263074 0.23989 0.497037 
55.3 0.262551 0.239312 0.498136 
55.4 0.262035 0.238734 0.499231 
55.5 0.261525 0.238154 0.500321 
55.6 0.261021 0.237573 0.501406 
55.7 0.260523 0.236992 0.502486 
55.8 0.26003 0.236409 0.503561 
55.9 0.259543 0.235826 0.504631 
56 0.259063 0.235241 0.505696 
56.1 0.258588 0.234656 0.506756 
56.2 0.258118 0.23407 0.507811 
56.3 0.257655 0.233484 0.508861 
56.4 0.257197 0.232897 0.509907 
56.5 0.256744 0.232309 0.510947 
56.6 0.256297 0.23172 0.511982 
56.7 0.255856 0.231131 0.513012 
56.8 0.25542 0.230542 0.514038 
56.9 0.25499 0.229952 0.515058 
57 0.254565 0.229361 0.516074 
57.1 0.254145 0.228771 0.517084 
57.2 0.253731 0.228179 0.51809 
57.3 0.253322 0.227588 0.51909 
57.4 0.252918 0.226996 0.520086 
57.5 0.25252 0.226403 0.521077 
57.6 0.252126 0.225811 0.522063 
57.7 0.251738 0.225218 0.523044 
57.8 0.251355 0.224626 0.52402 
57.9 0.250977 0.224033 0.524991 
58 0.250604 0.223439 0.525957 
58.1 0.250236 0.222846 0.526918 
58.2 0.249873 0.222253 0.527874 
58.3 0.249515 0.22166 0.528826 
58.4 0.249161 0.221067 0.529772 
58.5 0.248813 0.220473 0.530714 
58.6 0.24847 0.21988 0.53165 
58.7 0.248131 0.219287 0.532582 
58.8 0.247797 0.218694 0.533509 
58.9 0.247468 0.218102 0.534431 
59 0.247143 0.217509 0.535348 
59.1 0.246823 0.216917 0.53626 
59.2 0.246508 0.216325 0.537168 
59.3 0.246197 0.215733 0.53807 
59.4 0.245891 0.215141 0.538968 
59.5 0.245589 0.21455 0.539861 
59.6 0.245292 0.213959 0.540749 
59.7 0.244999 0.213369 0.541632 
59.8 0.244711 0.212778 0.542511 
59.9 0.244427 0.212189 0.543384 
60 0.244147 0.2116 0.544253 
60.1 0.243872 0.211011 0.545117 
60.2 0.243601 0.210422 0.545976 
60.3 0.243335 0.209835 0.546831 
60.4 0.243072 0.209247 0.54768 
60.5 0.242814 0.208661 0.548525 
60.6 0.24256 0.208075 0.549366 
60.7 0.24231 0.207489 0.550201 
60.8 0.242064 0.206904 0.551032 
60.9 0.241823 0.20632 0.551858 
61 0.241585 0.205736 0.552679 
61.1 0.241351 0.205153 0.553495 
61.2 0.241122 0.204571 0.554307 
61.3 0.240896 0.20399 0.555114 
61.4 0.240674 0.203409 0.555917 
61.5 0.240456 0.202829 0.556715 
61.6 0.240242 0.20225 0.557508 
61.7 0.240032 0.201671 0.558296 
61.8 0.239826 0.201094 0.55908 
61.9 0.239624 0.200517 0.559859 
62 0.239425 0.199941 0.560634 
62.1 0.23923 0.199366 0.561404 
62.2 0.239039 0.198792 0.562169 
62.3 0.238851 0.198219 0.56293 
62.4 0.238667 0.197646 0.563687 
62.5 0.238487 0.197075 0.564438 
62.6 0.23831 0.196505 0.565185 
62.7 0.238137 0.195935 0.565928 
62.8 0.237967 0.195367 0.566666 
62.9 0.237801 0.194799 0.567399 
63 0.237639 0.194233 0.568128 
63.1 0.23748 0.193667 0.568853 
63.2 0.237324 0.193103 0.569573 
63.3 0.237172 0.192539 0.570289 
63.4 0.237023 0.191977 0.571 
63.5 0.236878 0.191416 0.571706 
63.6 0.236736 0.190856 0.572408 
63.7 0.236597 0.190297 0.573106 
63.8 0.236462 0.189739 0.573799 
63.9 0.23633 0.189182 0.574488 
64 0.236201 0.188626 0.575173 
64.1 0.236075 0.188072 0.575853 
64.2 0.235953 0.187519 0.576529 
64.3 0.235833 0.186966 0.5772 
64.4 0.235717 0.186415 0.577867 
64.5 0.235604 0.185866 0.57853 
64.6 0.235494 0.185317 0.579188 
64.7 0.235388 0.18477 0.579843 
64.8 0.235284 0.184224 0.580492 
64.9 0.235183 0.183679 0.581138 
65 0.235086 0.183135 0.581779 
65.1 0.234991 0.182593 0.582416 
65.2 0.234899 0.182052 0.583049 
65.3 0.234811 0.181512 0.583677 
65.4 0.234725 0.180973 0.584302 
65.5 0.234642 0.180436 0.584922 
65.6 0.234562 0.1799 0.585538 
65.7 0.234485 0.179366 0.586149 
65.8 0.234411 0.178832 0.586757 
65.9 0.234339 0.1783 0.58736 
66 0.234271 0.17777 0.58796 
66.1 0.234205 0.17724 0.588555 
66.2 0.234142 0.176712 0.589146 
66.3 0.234082 0.176186 0.589733 
66.4 0.234024 0.175661 0.590315 
66.5 0.233969 0.175137 0.590894 
66.6 0.233917 0.174614 0.591469 
66.7 0.233867 0.174093 0.592039 
66.8 0.233821 0.173573 0.592606 
66.9 0.233776 0.173055 0.593168 
67 0.233735 0.172538 0.593727 
67.1 0.233696 0.172023 0.594282 
67.2 0.233659 0.171509 0.594832 
67.3 0.233626 0.170996 0.595379 
67.4 0.233594 0.170485 0.595921 
67.5 0.233565 0.169975 0.59646 
67.6 0.233539 0.169466 0.596995 
67.7 0.233515 0.168959 0.597525 
67.8 0.233494 0.168454 0.598052 
67.9 0.233475 0.16795 0.598575 
68 0.233458 0.167447 0.599095 
68.1 0.233444 0.166946 0.59961 
68.2 0.233433 0.166446 0.600121 
68.3 0.233423 0.165948 0.600629 
68.4 0.233416 0.165451 0.601133 
68.5 0.233412 0.164956 0.601633 
68.6 0.233409 0.164462 0.602129 
68.7 0.233409 0.163969 0.602621 
68.8 0.233412 0.163478 0.60311 
68.9 0.233416 0.162989 0.603595 
69 0.233423 0.162501 0.604076 
69.1 0.233432 0.162015 0.604553 
69.2 0.233443 0.16153 0.605027 
69.3 0.233457 0.161046 0.605497 
69.4 0.233473 0.160564 0.605963 
69.5 0.23349 0.160084 0.606426 
69.6 0.23351 0.159605 0.606885 
69.7 0.233533 0.159127 0.60734 
69.8 0.233557 0.158651 0.607792 
69.9 0.233583 0.158177 0.60824 
70 0.233612 0.157704 0.608684 
70.1 0.233642 0.157232 0.609125 
70.2 0.233675 0.156762 0.609563 
70.3 0.23371 0.156294 0.609996 
70.4 0.233747 0.155827 0.610427 
70.5 0.233785 0.155361 0.610853 
70.6 0.233826 0.154897 0.611276 
70.7 0.233869 0.154435 0.611696 
70.8 0.233914 0.153974 0.612112 
70.9 0.23396 0.153515 0.612525 
71 0.234009 0.153057 0.612934 
71.1 0.23406 0.152601 0.61334 
71.2 0.234112 0.152146 0.613742 
71.3 0.234167 0.151692 0.614141 
71.4 0.234223 0.151241 0.614536 
71.5 0.234281 0.15079 0.614928 
71.6 0.234341 0.150342 0.615317 
71.7 0.234403 0.149894 0.615702 
71.8 0.234467 0.149449 0.616084 
71.9 0.234533 0.149004 0.616463 
72 0.2346 0.148562 0.616838 
72.1 0.23467 0.148121 0.61721 
72.2 0.234741 0.147681 0.617578 
72.3 0.234813 0.147243 0.617944 
72.4 0.234888 0.146806 0.618306 
72.5 0.234964 0.146371 0.618665 
72.6 0.235042 0.145938 0.61902 
72.7 0.235122 0.145506 0.619372 
72.8 0.235204 0.145075 0.619721 
72.9 0.235287 0.144646 0.620067 
73 0.235372 0.144218 0.62041 
73.1 0.235458 0.143792 0.620749 
73.2 0.235547 0.143368 0.621086 
73.3 0.235636 0.142945 0.621419 
73.4 0.235728 0.142523 0.621749 
73.5 0.235821 0.142103 0.622076 
73.6 0.235916 0.141685 0.622399 
73.7 0.236012 0.141268 0.62272 
73.8 0.23611 0.140852 0.623037 
73.9 0.23621 0.140438 0.623352 
74 0.236311 0.140026 0.623663 
74.1 0.236414 0.139615 0.623972 
74.2 0.236518 0.139205 0.624277 
74.3 0.236624 0.138797 0.624579 
74.4 0.236731 0.138391 0.624878 
74.5 0.23684 0.137986 0.625175 
74.6 0.23695 0.137582 0.625468 
74.7 0.237062 0.13718 0.625758 
74.8 0.237175 0.13678 0.626045 
74.9 0.23729 0.136381 0.62633 
75 0.237406 0.135983 0.626611 
75.1 0.237524 0.135587 0.62689 
75.2 0.237643 0.135192 0.627165 
75.3 0.237763 0.134799 0.627438 
75.4 0.237885 0.134407 0.627708 
75.5 0.238008 0.134017 0.627974 
75.6 0.238133 0.133628 0.628239 
75.7 0.238259 0.133241 0.6285 
75.8 0.238387 0.132855 0.628758 
75.9 0.238516 0.132471 0.629014 
76 0.238646 0.132088 0.629266 
76.1 0.238778 0.131706 0.629516 
76.2 0.23891 0.131326 0.629763 
76.3 0.239045 0.130948 0.630008 
76.4 0.23918 0.13057 0.630249 
76.5 0.239317 0.130195 0.630488 
76.6 0.239455 0.12982 0.630724 
76.7 0.239595 0.129448 0.630958 
76.8 0.239736 0.129076 0.631188 
76.9 0.239878 0.128706 0.631416 
77 0.240021 0.128338 0.631642 
77.1 0.240165 0.12797 0.631864 
77.2 0.240311 0.127605 0.632084 
77.3 0.240458 0.12724 0.632301 
77.4 0.240606 0.126878 0.632516 
77.5 0.240756 0.126516 0.632728 
77.6 0.240906 0.126156 0.632938 
77.7 0.241058 0.125797 0.633144 
77.8 0.241211 0.12544 0.633349 
77.9 0.241366 0.125084 0.63355 
78 0.241521 0.12473 0.633749 
78.1 0.241678 0.124377 0.633946 
78.2 0.241835 0.124025 0.63414 
78.3 0.241994 0.123675 0.634331 
78.4 0.242154 0.123326 0.63452 
78.5 0.242315 0.122978 0.634706 
78.6 0.242478 0.122632 0.63489 
78.7 0.242641 0.122287 0.635072 
78.8 0.242805 0.121944 0.635251 
78.9 0.242971 0.121602 0.635427 
79 0.243138 0.121261 0.635601 
79.1 0.243305 0.120922 0.635773 
79.2 0.243474 0.120584 0.635942 
79.3 0.243644 0.120247 0.636109 
79.4 0.243815 0.119912 0.636273 
79.5 0.243987 0.119578 0.636435 
79.6 0.24416 0.119246 0.636595 
79.7 0.244334 0.118914 0.636752 
79.8 0.244509 0.118584 0.636907 
79.9 0.244685 0.118256 0.637059 
80 0.244862 0.117929 0.637209 
80.1 0.24504 0.117603 0.637357 
80.2 0.24522 0.117278 0.637503 
80.3 0.2454 0.116955 0.637646 
80.4 0.245581 0.116633 0.637787 
80.5 0.245763 0.116312 0.637925 
80.6 0.245946 0.115993 0.638062 
80.7 0.24613 0.115675 0.638196 
80.8 0.246315 0.115358 0.638328 
80.9 0.246501 0.115042 0.638457 
81 0.246687 0.114728 0.638585 
81.1 0.246875 0.114415 0.63871 
81.2 0.247064 0.114104 0.638833 
81.3 0.247253 0.113793 0.638953 
81.4 0.247444 0.113484 0.639072 
81.5 0.247635 0.113176 0.639188 
81.6 0.247827 0.11287 0.639303 
81.7 0.248021 0.112565 0.639415 
81.8 0.248215 0.112261 0.639525 
81.9 0.24841 0.111958 0.639632 
82 0.248605 0.111656 0.639738 
82.1 0.248802 0.111356 0.639842 
82.2 0.249 0.111057 0.639943 
82.3 0.249198 0.110759 0.640043 
82.4 0.249397 0.110463 0.64014 
82.5 0.249597 0.110168 0.640235 
82.6 0.249798 0.109874 0.640328 
82.7 0.25 0.109581 0.64042 
82.8 0.250202 0.109289 0.640509 
82.9 0.250406 0.108999 0.640596 
83 0.25061 0.10871 0.640681 
83.1 0.250815 0.108422 0.640764 
83.2 0.25102 0.108135 0.640845 
83.3 0.251227 0.107849 0.640924 
83.4 0.251434 0.107565 0.641001 
83.5 0.251642 0.107282 0.641076 
83.6 0.251851 0.107 0.641149 
83.7 0.25206 0.106719 0.64122 
83.8 0.252271 0.106439 0.64129 
83.9 0.252482 0.106161 0.641357 
84 0.252694 0.105884 0.641423 
84.1 0.252906 0.105608 0.641486 
84.2 0.25312 0.105333 0.641548 
84.3 0.253334 0.105059 0.641607 
84.4 0.253548 0.104787 0.641665 
84.5 0.253764 0.104515 0.641721 
84.6 0.25398 0.104245 0.641775 
84.7 0.254197 0.103976 0.641828 
84.8 0.254414 0.103708 0.641878 
84.9 0.254632 0.103441 0.641927 
85 0.254851 0.103175 0.641973 
85.1 0.255071 0.102911 0.642018 
85.2 0.255291 0.102647 0.642061 
85.3 0.255512 0.102385 0.642103 
85.4 0.255734 0.102124 0.642142 
85.5 0.255956 0.101864 0.64218 
85.6 0.256179 0.101605 0.642216 
85.7 0.256403 0.101347 0.642251 
85.8 0.256627 0.10109 0.642283 
85.9 0.256852 0.100835 0.642314 
86 0.257077 0.10058 0.642343 
86.1 0.257303 0.100327 0.64237 
86.2 0.25753 0.100074 0.642396 
86.3 0.257757 0.099823 0.64242 
86.4 0.257985 0.0995729 0.642442 
86.5 0.258214 0.0993238 0.642463 
86.6 0.258443 0.0990758 0.642481 
86.7 0.258673 0.0988288 0.642499 
86.8 0.258903 0.098583 0.642514 
86.9 0.259134 0.0983382 0.642528 
87 0.259365 0.0980944 0.64254 
87.1 0.259597 0.0978517 0.642551 
87.2 0.25983 0.0976101 0.64256 
87.3 0.260063 0.0973695 0.642567 
87.4 0.260297 0.09713 0.642573 
87.5 0.260531 0.0968915 0.642577 
87.6 0.260766 0.0966541 0.64258 
87.7 0.261002 0.0964177 0.642581 
87.8 0.261238 0.0961823 0.64258 
87.9 0.261474 0.0959479 0.642578 
88 0.261711 0.0957146 0.642574 
88.1 0.261949 0.0954823 0.642569 
88.2 0.262187 0.095251 0.642562 
88.3 0.262425 0.0950207 0.642554 
88.4 0.262665 0.0947914 0.642544 
88.5 0.262904 0.0945632 0.642533 
88.6 0.263144 0.0943359 0.64252 
88.7 0.263385 0.0941096 0.642505 
88.8 0.263626 0.0938844 0.64249 
88.9 0.263868 0.0936601 0.642472 
89 0.26411 0.0934368 0.642453 
89.1 0.264352 0.0932145 0.642433 
89.2 0.264595 0.0929932 0.642411 
89.3 0.264839 0.0927728 0.642388 
89.4 0.265083 0.0925534 0.642364 
89.5 0.265327 0.092335 0.642338 
89.6 0.265572 0.0921176 0.64231 
89.7 0.265818 0.0919011 0.642281 
89.8 0.266063 0.0916856 0.642251 
89.9 0.26631 0.091471 0.642219 
90 0.266556 0.0912574 0.642186 
90.1 0.266804 0.0910448 0.642152 
90.2 0.267051 0.0908331 0.642116 
90.3 0.267299 0.0906223 0.642078 
90.4 0.267548 0.0904124 0.64204 
90.5 0.267797 0.0902035 0.642 
90.6 0.268046 0.0899956 0.641959 
90.7 0.268296 0.0897885 0.641916 
90.8 0.268546 0.0895824 0.641872 
90.9 0.268796 0.0893772 0.641827 
91 0.269047 0.0891729 0.64178 
91.1 0.269298 0.0889696 0.641732 
91.2 0.26955 0.0887671 0.641683 
91.3 0.269802 0.0885655 0.641632 
91.4 0.270055 0.0883649 0.64158 
91.5 0.270308 0.0881651 0.641527 
91.6 0.270561 0.0879663 0.641473 
91.7 0.270814 0.0877683 0.641417 
91.8 0.271068 0.0875713 0.64136 
91.9 0.271323 0.0873751 0.641302 
92 0.271578 0.0871798 0.641243 
92.1 0.271833 0.0869854 0.641182 
92.2 0.272088 0.0867918 0.64112 
92.3 0.272344 0.0865992 0.641057 
92.4 0.2726 0.0864074 0.640993 
92.5 0.272856 0.0862164 0.640927 
92.6 0.273113 0.0860264 0.64086 
92.7 0.27337 0.0858372 0.640792 
92.8 0.273628 0.0856488 0.640723 
92.9 0.273886 0.0854613 0.640653 
93 0.274144 0.0852747 0.640581 
93.1 0.274402 0.0850889 0.640509 
93.2 0.274661 0.0849039 0.640435 
93.3 0.27492 0.0847198 0.64036 
93.4 0.27518 0.0845365 0.640284 
93.5 0.275439 0.0843541 0.640207 
93.6 0.275699 0.0841725 0.640128 
93.7 0.27596 0.0839917 0.640049 
93.8 0.27622 0.0838117 0.639968 
93.9 0.276481 0.0836326 0.639886 
94 0.276742 0.0834543 0.639803 
94.1 0.277004 0.0832768 0.639719 
94.2 0.277266 0.0831001 0.639634 
94.3 0.277528 0.0829242 0.639548 
94.4 0.27779 0.0827491 0.639461 
94.5 0.278053 0.0825749 0.639372 
94.6 0.278316 0.0824014 0.639283 
94.7 0.278579 0.0822287 0.639193 
94.8 0.278842 0.0820568 0.639101 
94.9 0.279106 0.0818857 0.639008 
95 0.27937 0.0817154 0.638915 
95.1 0.279634 0.0815459 0.63882 
95.2 0.279898 0.0813772 0.638724 
95.3 0.280163 0.0812092 0.638628 
95.4 0.280428 0.0810421 0.63853 
95.5 0.280693 0.0808757 0.638431 
95.6 0.280959 0.08071 0.638331 
95.7 0.281224 0.0805451 0.638231 
95.8 0.28149 0.080381 0.638129 
95.9 0.281756 0.0802177 0.638026 
96 0.282022 0.0800551 0.637922 
96.1 0.282289 0.0798933 0.637818 
96.2 0.282556 0.0797322 0.637712 
96.3 0.282823 0.0795719 0.637605 
96.4 0.28309 0.0794123 0.637498 
96.5 0.283357 0.0792534 0.637389 
96.6 0.283625 0.0790953 0.63728 
96.7 0.283893 0.078938 0.637169 
96.8 0.284161 0.0787814 0.637058 
96.9 0.284429 0.0786255 0.636946 
97 0.284697 0.0784703 0.636832 
97.1 0.284966 0.0783159 0.636718 
97.2 0.285235 0.0781621 0.636603 
97.3 0.285504 0.0780092 0.636487 
97.4 0.285773 0.0778569 0.63637 
97.5 0.286042 0.0777053 0.636253 
97.6 0.286312 0.0775545 0.636134 
97.7 0.286581 0.0774043 0.636014 
97.8 0.286851 0.0772549 0.635894 
97.9 0.287121 0.0771062 0.635773 
98 0.287391 0.0769582 0.63565 
98.1 0.287662 0.0768109 0.635527 
98.2 0.287932 0.0766642 0.635404 
98.3 0.288203 0.0765183 0.635279 
98.4 0.288474 0.0763731 0.635153 
98.5 0.288745 0.0762285 0.635027 
98.6 0.289016 0.0760846 0.6349 
98.7 0.289287 0.0759415 0.634771 
98.8 0.289558 0.075799 0.634643 
98.9 0.28983 0.0756571 0.634513 
99 0.290102 0.075516 0.634382 
99.1 0.290374 0.0753755 0.634251 
99.2 0.290645 0.0752357 0.634119 
99.3 0.290918 0.0750966 0.633986 
99.4 0.29119 0.0749581 0.633852 
99.5 0.291462 0.0748203 0.633718 
99.6 0.291735 0.0746832 0.633582 
99.7 0.292007 0.0745467 0.633446 
99.8 0.29228 0.0744108 0.633309 
99.9 0.292553 0.0742757 0.633172 
100 0.292826 0.0741411 0.633033 
100.1 0.293099 0.0740072 0.632894 
100.2 0.293372 0.073874 0.632754 
100.3 0.293645 0.0737414 0.632614 
100.4 0.293918 0.0736095 0.632472 
100.5 0.294192 0.0734781 0.63233 
100.6 0.294465 0.0733475 0.632187 
100.7 0.294739 0.0732174 0.632044 
100.8 0.295012 0.073088 0.6319 
100.9 0.295286 0.0729592 0.631755 
101 0.29556 0.072831 0.631609 
101.1 0.295834 0.0727035 0.631462 
101.2 0.296108 0.0725766 0.631315 
101.3 0.296382 0.0724503 0.631167 
101.4 0.296656 0.0723246 0.631019 
101.5 0.296931 0.0721995 0.63087 
101.6 0.297205 0.0720751 0.63072 
101.7 0.29748 0.0719512 0.630569 
101.8 0.297754 0.071828 0.630418 
101.9 0.298029 0.0717053 0.630266 
102 0.298303 0.0715833 0.630114 
102.1 0.298578 0.0714619 0.62996 
102.2 0.298852 0.071341 0.629807 
102.3 0.299127 0.0712208 0.629652 
102.4 0.299402 0.0711011 0.629497 
102.5 0.299677 0.0709821 0.629341 
102.6 0.299952 0.0708636 0.629185 
102.7 0.300227 0.0707457 0.629027 
102.8 0.300502 0.0706284 0.62887 
102.9 0.300777 0.0705117 0.628711 
103 0.301052 0.0703956 0.628553 
103.1 0.301327 0.07028 0.628393 
103.2 0.301602 0.070165 0.628233 
103.3 0.301877 0.0700506 0.628072 
103.4 0.302153 0.0699368 0.627911 
103.5 0.302428 0.0698235 0.627749 
103.6 0.302703 0.0697108 0.627586 
103.7 0.302978 0.0695987 0.627423 
103.8 0.303254 0.0694871 0.627259 
103.9 0.303529 0.0693761 0.627095 
104 0.303804 0.0692657 0.62693 
104.1 0.30408 0.0691558 0.626765 
104.2 0.304355 0.0690464 0.626599 
104.3 0.30463 0.0689376 0.626432 
104.4 0.304906 0.0688294 0.626265 
104.5 0.305181 0.0687217 0.626097 
104.6 0.305456 0.0686146 0.625929 
104.7 0.305732 0.068508 0.62576 
104.8 0.306007 0.0684019 0.625591 
104.9 0.306282 0.0682964 0.625421 
105 0.306558 0.0681914 0.625251 
105.1 0.306833 0.068087 0.62508 
105.2 0.307108 0.0679831 0.624908 
105.3 0.307384 0.0678797 0.624736 
105.4 0.307659 0.0677769 0.624564 
105.5 0.307934 0.0676745 0.624391 
105.6 0.30821 0.0675728 0.624218 
105.7 0.308485 0.0674715 0.624044 
105.8 0.30876 0.0673707 0.623869 
105.9 0.309035 0.0672705 0.623694 
106 0.309311 0.0671708 0.623519 
106.1 0.309586 0.0670716 0.623343 
106.2 0.309861 0.066973 0.623166 
106.3 0.310136 0.0668748 0.622989 
106.4 0.310411 0.0667772 0.622812 
106.5 0.310686 0.06668 0.622634 
106.6 0.310961 0.0665834 0.622456 
106.7 0.311236 0.0664873 0.622277 
106.8 0.311511 0.0663917 0.622098 
106.9 0.311785 0.0662965 0.621918 
107 0.31206 0.0662019 0.621738 
107.1 0.312335 0.0661078 0.621557 
107.2 0.31261 0.0660142 0.621376 
107.3 0.312884 0.0659211 0.621195 
107.4 0.313159 0.0658284 0.621013 
107.5 0.313433 0.0657363 0.62083 
107.6 0.313708 0.0656446 0.620648 
107.7 0.313982 0.0655535 0.620464 
107.8 0.314257 0.0654628 0.620281 
107.9 0.314531 0.0653726 0.620097 
108 0.314805 0.0652829 0.619912 
108.1 0.315079 0.0651936 0.619727 
108.2 0.315353 0.0651049 0.619542 
108.3 0.315627 0.0650166 0.619356 
108.4 0.315901 0.0649288 0.61917 
108.5 0.316175 0.0648415 0.618984 
108.6 0.316449 0.0647546 0.618797 
108.7 0.316722 0.0646682 0.618609 
108.8 0.316996 0.0645823 0.618422 
108.9 0.31727 0.0644968 0.618234 
109 0.317543 0.0644119 0.618045 
109.1 0.317816 0.0643273 0.617856 
109.2 0.31809 0.0642433 0.617667 
109.3 0.318363 0.0641597 0.617478 
109.4 0.318636 0.0640765 0.617288 
109.5 0.318909 0.0639939 0.617097 
109.6 0.319182 0.0639116 0.616907 
109.7 0.319454 0.0638298 0.616716 
109.8 0.319727 0.0637485 0.616524 
109.9 0.32 0.0636677 0.616333 
110 0.320272 0.0635872 0.616141 
110.1 0.320545 0.0635073 0.615948 
110.2 0.320817 0.0634277 0.615755 
110.3 0.321089 0.0633486 0.615562 
110.4 0.321361 0.06327 0.615369 
110.5 0.321633 0.0631918 0.615175 
110.6 0.321905 0.063114 0.614981 
110.7 0.322176 0.0630367 0.614787 
110.8 0.322448 0.0629598 0.614592 
110.9 0.32272 0.0628834 0.614397 
111 0.322991 0.0628074 0.614202 
111.1 0.323262 0.0627318 0.614006 
111.2 0.323533 0.0626566 0.61381 
111.3 0.323804 0.0625819 0.613614 
111.4 0.324075 0.0625076 0.613417 
111.5 0.324346 0.0624338 0.613221 
111.6 0.324616 0.0623603 0.613023 
111.7 0.324887 0.0622873 0.612826 
111.8 0.325157 0.0622147 0.612628 
111.9 0.325427 0.0621425 0.61243 
112 0.325697 0.0620708 0.612232 
112.1 0.325967 0.0619994 0.612033 
112.2 0.326237 0.0619285 0.611835 
112.3 0.326507 0.061858 0.611635 
112.4 0.326776 0.0617879 0.611436 
112.5 0.327045 0.0617182 0.611236 
112.6 0.327315 0.0616489 0.611036 
112.7 0.327584 0.0615801 0.610836 
112.8 0.327853 0.0615116 0.610636 
112.9 0.328121 0.0614435 0.610435 
113 0.32839 0.0613759 0.610234 
113.1 0.328658 0.0613087 0.610033 
113.2 0.328927 0.0612418 0.609832 
113.3 0.329195 0.0611754 0.60963 
113.4 0.329463 0.0611093 0.609428 
113.5 0.32973 0.0610437 0.609226 
113.6 0.329998 0.0609785 0.609024 
113.7 0.330266 0.0609136 0.608821 
113.8 0.330533 0.0608492 0.608618 
113.9 0.3308 0.0607851 0.608415 
114 0.331067 0.0607214 0.608212 
114.1 0.331334 0.0606581 0.608008 
114.2 0.3316 0.0605953 0.607804 
114.3 0.331867 0.0605327 0.6076 
114.4 0.332133 0.0604706 0.607396 
114.5 0.332399 0.0604089 0.607192 
114.6 0.332665 0.0603476 0.606987 
114.7 0.332931 0.0602866 0.606783 
114.8 0.333196 0.060226 0.606578 
114.9 0.333462 0.0601658 0.606373 
115 0.333727 0.060106 0.606167 
115.1 0.333992 0.0600465 0.605962 
115.2 0.334257 0.0599875 0.605756 
115.3 0.334521 0.0599288 0.60555 
115.4 0.334786 0.0598705 0.605344 
115.5 0.33505 0.0598125 0.605137 
115.6 0.335314 0.059755 0.604931 
115.7 0.335578 0.0596977 0.604724 
115.8 0.335842 0.0596409 0.604518 
115.9 0.336105 0.0595844 0.604311 
116 0.336368 0.0595284 0.604103 
116.1 0.336631 0.0594726 0.603896 
116.2 0.336894 0.0594173 0.603689 
116.3 0.337157 0.0593622 0.603481 
116.4 0.337419 0.0593076 0.603273 
116.5 0.337682 0.0592533 0.603065 
116.6 0.337944 0.0591994 0.602857 
116.7 0.338205 0.0591458 0.602649 
116.8 0.338467 0.0590926 0.60244 
116.9 0.338728 0.0590398 0.602232 
117 0.33899 0.0589873 0.602023 
117.1 0.339251 0.0589352 0.601814 
117.2 0.339511 0.0588834 0.601605 
117.3 0.339772 0.0588319 0.601396 
117.4 0.340032 0.0587809 0.601187 
117.5 0.340292 0.0587301 0.600977 
117.6 0.340552 0.0586798 0.600768 
117.7 0.340812 0.0586297 0.600558 
117.8 0.341071 0.05858 0.600349 
117.9 0.341331 0.0585307 0.600139 
118 0.34159 0.0584817 0.599929 
118.1 0.341848 0.058433 0.599719 
118.2 0.342107 0.0583847 0.599508 
118.3 0.342365 0.0583368 0.599298 
118.4 0.342623 0.0582891 0.599088 
118.5 0.342881 0.0582418 0.598877 
118.6 0.343139 0.0581949 0.598666 
118.7 0.343396 0.0581483 0.598456 
118.8 0.343653 0.058102 0.598245 
118.9 0.34391 0.0580561 0.598034 
119 0.344167 0.0580104 0.597823 
119.1 0.344423 0.0579652 0.597612 
119.2 0.344679 0.0579202 0.5974 
119.3 0.344935 0.0578756 0.597189 
119.4 0.345191 0.0578313 0.596978 
119.5 0.345446 0.0577874 0.596766 
119.6 0.345701 0.0577438 0.596555 
119.7 0.345956 0.0577005 0.596343 
119.8 0.346211 0.0576575 0.596131 
119.9 0.346466 0.0576148 0.59592 
120 0.34672 0.0575725 0.595708 
120.1 0.346974 0.0575305 0.595496 
120.2 0.347227 0.0574889 0.595284 
