0 0.8 0 0.2 0 
0.1 0.794718 0.0052496 0.199035 0.000997492 
0.2 0.789495 0.0103364 0.198179 0.00199033 
0.3 0.784328 0.015267 0.197426 0.00297905 
0.4 0.779214 0.0200478 0.196774 0.00396417 
0.5 0.774149 0.024685 0.19622 0.00494617 
0.6 0.769131 0.0291843 0.195759 0.00592553 
0.7 0.764157 0.0335512 0.195389 0.00690272 
0.8 0.759223 0.0377911 0.195107 0.00787819 
0.9 0.754329 0.041909 0.19491 0.00885236 
1 0.74947 0.0459097 0.194795 0.00982566 
1.1 0.744645 0.0497978 0.194759 0.0107985 
1.2 0.739852 0.0535776 0.194799 0.0117712 
1.3 0.735088 0.0572535 0.194914 0.0127442 
1.4 0.730352 0.0608293 0.1951 0.0137179 
1.5 0.725642 0.0643089 0.195356 0.0146926 
1.6 0.720956 0.0676958 0.195679 0.0156687 
1.7 0.716292 0.0709937 0.196067 0.0166464 
1.8 0.71165 0.0742057 0.196519 0.0176261 
1.9 0.707026 0.0773351 0.197031 0.0186081 
2 0.702421 0.0803849 0.197602 0.0195928 
2.1 0.697832 0.0833579 0.19823 0.0205803 
2.2 0.693259 0.0862569 0.198913 0.0215711 
2.3 0.6887 0.0890845 0.199651 0.0225652 
2.4 0.684154 0.0918431 0.20044 0.0235631 
2.5 0.67962 0.0945352 0.201279 0.024565 
2.6 0.675098 0.0971631 0.202168 0.0255711 
2.7 0.670586 0.0997289 0.203103 0.0265817 
2.8 0.666084 0.102235 0.204085 0.0275969 
2.9 0.66159 0.104682 0.205111 0.0286171 
3 0.657105 0.107074 0.206179 0.0296424 
3.1 0.652627 0.10941 0.20729 0.030673 
3.2 0.648155 0.111695 0.208441 0.0317092 
3.3 0.64369 0.113928 0.209631 0.0327511 
3.4 0.63923 0.116111 0.210859 0.033799 
3.5 0.634776 0.118246 0.212125 0.034853 
3.6 0.630327 0.120335 0.213425 0.0359133 
3.7 0.625881 0.122378 0.214761 0.0369801 
3.8 0.62144 0.124377 0.21613 0.0380536 
3.9 0.617003 0.126332 0.217531 0.0391339 
4 0.612569 0.128246 0.218964 0.0402211 
4.1 0.608138 0.130119 0.220427 0.0413155 
4.2 0.603711 0.131952 0.22192 0.0424172 
4.3 0.599286 0.133747 0.223441 0.0435263 
4.4 0.594864 0.135503 0.22499 0.044643 
4.5 0.590444 0.137222 0.226566 0.0457673 
4.6 0.586027 0.138905 0.228168 0.0468995 
4.7 0.581613 0.140553 0.229795 0.0480397 
4.8 0.577201 0.142165 0.231446 0.0491879 
4.9 0.572791 0.143744 0.23312 0.0503443 
5 0.568384 0.145289 0.234817 0.0515091 
5.1 0.56398 0.146801 0.236536 0.0526822 
5.2 0.559578 0.148281 0.238277 0.0538639 
5.3 0.555179 0.14973 0.240037 0.0550542 
5.4 0.550783 0.151147 0.241817 0.0562533 
5.5 0.54639 0.152533 0.243616 0.0574612 
5.6 0.542 0.153889 0.245433 0.058678 
5.7 0.537613 0.155215 0.247268 0.0599038 
5.8 0.53323 0.156512 0.24912 0.0611387 
5.9 0.528851 0.157779 0.250987 0.0623828 
6 0.524475 0.159018 0.25287 0.0636362 
6.1 0.520104 0.160228 0.254769 0.0648988 
6.2 0.515738 0.161411 0.256681 0.0661709 
6.3 0.511376 0.162565 0.258607 0.0674524 
6.4 0.507019 0.163692 0.260545 0.0687435 
6.5 0.502668 0.164792 0.262497 0.0700441 
6.6 0.498322 0.165864 0.264459 0.0713545 
6.7 0.493982 0.16691 0.266433 0.0726745 
6.8 0.489649 0.167929 0.268418 0.0740043 
6.9 0.485323 0.168921 0.270412 0.0753439 
7 0.481003 0.169887 0.272416 0.0766933 
7.1 0.476691 0.170827 0.274429 0.0780527 
7.2 0.472387 0.171741 0.27645 0.079422 
7.3 0.468091 0.172629 0.278479 0.0808013 
7.4 0.463803 0.173492 0.280515 0.0821907 
7.5 0.459524 0.174329 0.282557 0.0835901 
7.6 0.455255 0.17514 0.284606 0.0849995 
7.7 0.450996 0.175926 0.286659 0.0864191 
7.8 0.446746 0.176686 0.288718 0.0878489 
7.9 0.442507 0.177422 0.290782 0.0892888 
8 0.43828 0.178132 0.292849 0.0907388 
8.1 0.434063 0.178818 0.29492 0.0921991 
8.2 0.429859 0.179478 0.296994 0.0936696 
8.3 0.425666 0.180114 0.29907 0.0951503 
8.4 0.421487 0.180725 0.301147 0.0966413 
8.5 0.41732 0.181311 0.303227 0.0981425 
8.6 0.413167 0.181872 0.305307 0.0996539 
8.7 0.409028 0.182409 0.307387 0.101176 
8.8 0.404904 0.182921 0.309468 0.102708 
8.9 0.400794 0.183409 0.311547 0.10425 
9 0.396699 0.183873 0.313626 0.105802 
9.1 0.39262 0.184312 0.315703 0.107365 
9.2 0.388557 0.184727 0.317778 0.108938 
9.3 0.384511 0.185118 0.319851 0.110521 
9.4 0.380482 0.185484 0.32192 0.112114 
9.5 0.376469 0.185827 0.323986 0.113718 
9.6 0.372475 0.186145 0.326048 0.115331 
9.7 0.368499 0.18644 0.328106 0.116955 
9.8 0.364541 0.186711 0.330159 0.118589 
9.9 0.360602 0.186958 0.332207 0.120233 
10 0.356683 0.187182 0.334249 0.121887 
10.1 0.352783 0.187381 0.336285 0.123551 
10.2 0.348903 0.187558 0.338314 0.125225 
10.3 0.345044 0.187711 0.340336 0.126909 
10.4 0.341206 0.187841 0.342351 0.128603 
10.5 0.337388 0.187947 0.344358 0.130307 
10.6 0.333593 0.188031 0.346356 0.13202 
10.7 0.329819 0.188091 0.348346 0.133744 
10.8 0.326068 0.188129 0.350326 0.135477 
10.9 0.322339 0.188144 0.352298 0.13722 
11 0.318633 0.188136 0.354259 0.138973 
11.1 0.31495 0.188106 0.356209 0.140735 
11.2 0.31129 0.188054 0.358149 0.142507 
11.3 0.307655 0.187979 0.360078 0.144288 
11.4 0.304044 0.187882 0.361996 0.146079 
11.5 0.300457 0.187764 0.363901 0.147879 
11.6 0.296895 0.187623 0.365794 0.149688 
11.7 0.293357 0.187461 0.367675 0.151507 
11.8 0.289845 0.187278 0.369542 0.153334 
11.9 0.286359 0.187073 0.371396 0.155171 
12 0.282898 0.186848 0.373237 0.157017 
12.1 0.279463 0.186601 0.375063 0.158872 
12.2 0.276054 0.186334 0.376875 0.160736 
12.3 0.272672 0.186047 0.378672 0.162609 
12.4 0.269316 0.185739 0.380454 0.16449 
12.5 0.265987 0.185411 0.382221 0.16638 
12.6 0.262685 0.185063 0.383972 0.168279 
12.7 0.259411 0.184696 0.385707 0.170186 
12.8 0.256163 0.184309 0.387426 0.172102 
12.9 0.252943 0.183903 0.389128 0.174026 
13 0.249751 0.183478 0.390813 0.175959 
13.1 0.246586 0.183034 0.39248 0.177899 
13.2 0.24345 0.182572 0.394131 0.179848 
13.3 0.240341 0.182092 0.395763 0.181804 
13.4 0.23726 0.181593 0.397377 0.183769 
13.5 0.234208 0.181077 0.398973 0.185741 
13.6 0.231184 0.180544 0.400551 0.187722 
13.7 0.228188 0.179993 0.402109 0.189709 
13.8 0.225221 0.179425 0.403649 0.191705 
13.9 0.222283 0.178841 0.405169 0.193708 
14 0.219373 0.17824 0.40667 0.195718 
14.1 0.216491 0.177623 0.408151 0.197735 
14.2 0.213639 0.17699 0.409611 0.19976 
14.3 0.210815 0.176342 0.411052 0.201791 
14.4 0.208019 0.175678 0.412472 0.20383 
14.5 0.205253 0.175 0.413872 0.205875 
14.6 0.202515 0.174307 0.415251 0.207927 
14.7 0.199806 0.173599 0.416609 0.209986 
14.8 0.197126 0.172878 0.417945 0.212051 
14.9 0.194474 0.172142 0.419261 0.214123 
15 0.191851 0.171393 0.420554 0.216201 
15.1 0.189257 0.170631 0.421827 0.218285 
15.2 0.186691 0.169856 0.423077 0.220376 
15.3 0.184154 0.169069 0.424305 0.222472 
15.4 0.181645 0.168269 0.425512 0.224574 
15.5 0.179165 0.167457 0.426696 0.226682 
15.6 0.176713 0.166634 0.427858 0.228796 
15.7 0.174289 0.165799 0.428997 0.230915 
15.8 0.171893 0.164953 0.430114 0.233039 
15.9 0.169525 0.164097 0.431208 0.235169 
16 0.167186 0.16323 0.432279 0.237304 
16.1 0.164874 0.162353 0.433328 0.239445 
16.2 0.16259 0.161467 0.434354 0.24159 
16.3 0.160333 0.160571 0.435356 0.24374 
16.4 0.158104 0.159665 0.436336 0.245895 
16.5 0.155903 0.158751 0.437292 0.248054 
16.6 0.153728 0.157829 0.438225 0.250218 
16.7 0.151581 0.156898 0.439135 0.252386 
16.8 0.14946 0.155959 0.440022 0.254559 
16.9 0.147366 0.155013 0.440886 0.256735 
17 0.145299 0.154059 0.441726 0.258916 
17.1 0.143258 0.153098 0.442542 0.261101 
17.2 0.141244 0.152131 0.443336 0.263289 
17.3 0.139255 0.151157 0.444106 0.265482 
17.4 0.137293 0.150178 0.444852 0.267677 
17.5 0.135356 0.149192 0.445575 0.269876 
17.6 0.133445 0.148201 0.446275 0.272079 
17.7 0.131559 0.147205 0.446951 0.274285 
17.8 0.129699 0.146204 0.447604 0.276494 
17.9 0.127863 0.145198 0.448234 0.278705 
18 0.126052 0.144188 0.44884 0.28092 
18.1 0.124266 0.143173 0.449423 0.283138 
18.2 0.122504 0.142155 0.449983 0.285358 
18.3 0.120766 0.141134 0.45052 0.28758 
18.4 0.119053 0.140109 0.451033 0.289805 
18.5 0.117363 0.139081 0.451523 0.292033 
18.6 0.115696 0.138051 0.451991 0.294262 
18.7 0.114053 0.137018 0.452435 0.296494 
18.8 0.112433 0.135983 0.452857 0.298727 
18.9 0.110836 0.134946 0.453255 0.300962 
19 0.109262 0.133907 0.453631 0.3032 
19.1 0.10771 0.132867 0.453985 0.305438 
19.2 0.10618 0.131826 0.454315 0.307678 
19.3 0.104673 0.130784 0.454624 0.30992 
19.4 0.103187 0.129741 0.45491 0.312162 
19.5 0.101723 0.128698 0.455173 0.314406 
19.6 0.10028 0.127654 0.455415 0.316651 
19.7 0.098858 0.126611 0.455634 0.318897 
19.8 0.0974571 0.125567 0.455832 0.321144 
19.9 0.0960768 0.124525 0.456007 0.323391 
20 0.094717 0.123482 0.456162 0.325639 
20.1 0.0933774 0.122441 0.456294 0.327888 
20.2 0.0920577 0.121401 0.456405 0.330136 
20.3 0.0907578 0.120362 0.456495 0.332386 
20.4 0.0894775 0.119324 0.456563 0.334635 
20.5 0.0882164 0.118289 0.456611 0.336884 
20.6 0.0869744 0.117255 0.456637 0.339134 
20.7 0.0857512 0.116223 0.456643 0.341383 
20.8 0.0845466 0.115193 0.456629 0.343632 
20.9 0.0833605 0.114166 0.456593 0.34588 
21 0.0821924 0.113141 0.456538 0.348128 
21.1 0.0810423 0.112119 0.456463 0.350376 
21.2 0.07991 0.1111 0.456367 0.352623 
21.3 0.0787951 0.110084 0.456252 0.354869 
21.4 0.0776974 0.109071 0.456117 0.357114 
21.5 0.0766168 0.108062 0.455962 0.359359 
21.6 0.0755531 0.107056 0.455788 0.361602 
21.7 0.0745059 0.106054 0.455595 0.363844 
21.8 0.0734751 0.105056 0.455384 0.366085 
21.9 0.0724605 0.104062 0.455153 0.368325 
22 0.0714619 0.103071 0.454903 0.370563 
22.1 0.0704789 0.102085 0.454636 0.3728 
22.2 0.0695116 0.101104 0.45435 0.375035 
22.3 0.0685595 0.100127 0.454046 0.377268 
22.4 0.0676225 0.0991541 0.453724 0.3795 
22.5 0.0667004 0.0981862 0.453384 0.38173 
22.6 0.065793 0.0972231 0.453027 0.383957 
22.7 0.0649001 0.0962649 0.452652 0.386183 
22.8 0.0640215 0.0953117 0.45226 0.388407 
22.9 0.063157 0.0943637 0.451851 0.390628 
23 0.0623063 0.0934208 0.451426 0.392847 
23.1 0.0614693 0.0924833 0.450984 0.395064 
23.2 0.0606458 0.0915512 0.450525 0.397278 
23.3 0.0598356 0.0906245 0.45005 0.399489 
23.4 0.0590385 0.0897033 0.44956 0.401698 
23.5 0.0582543 0.0887878 0.449053 0.403905 
23.6 0.0574829 0.087878 0.448531 0.406108 
23.7 0.0567239 0.086974 0.447993 0.408309 
23.8 0.0559773 0.0860758 0.44744 0.410506 
23.9 0.0552429 0.0851836 0.446873 0.412701 
24 0.0545204 0.0842973 0.44629 0.414893 
24.1 0.0538098 0.083417 0.445692 0.417081 
24.2 0.0531108 0.0825428 0.44508 0.419266 
24.3 0.0524232 0.0816747 0.444454 0.421448 
24.4 0.0517469 0.0808128 0.443814 0.423626 
24.5 0.0510817 0.0799571 0.44316 0.425801 
24.6 0.0504275 0.0791077 0.442492 0.427973 
24.7 0.049784 0.0782645 0.441811 0.430141 
24.8 0.0491511 0.0774278 0.441116 0.432305 
24.9 0.0485287 0.0765974 0.440409 0.434465 
25 0.0479166 0.0757734 0.439688 0.436622 
25.1 0.0473145 0.0749559 0.438955 0.438775 
25.2 0.0467224 0.0741448 0.438209 0.440924 
25.3 0.0461402 0.0733402 0.437451 0.443069 
25.4 0.0455676 0.0725421 0.436681 0.44521 
25.5 0.0450044 0.0717506 0.435899 0.447346 
25.6 0.0444507 0.0709656 0.435105 0.449479 
25.7 0.0439061 0.0701871 0.434299 0.451607 
25.8 0.0433706 0.0694153 0.433482 0.453732 
25.9 0.042844 0.06865 0.432654 0.455852 
26 0.0423262 0.0678913 0.431815 0.457967 
26.1 0.0418171 0.0671393 0.430966 0.460078 
26.2 0.0413164 0.0663938 0.430105 0.462185 
26.3 0.0408241 0.0656549 0.429234 0.464287 
26.4 0.04034 0.0649227 0.428353 0.466384 
26.5 0.039864 0.064197 0.427462 0.468477 
26.6 0.0393959 0.063478 0.426561 0.470565 
26.7 0.0389357 0.0627655 0.42565 0.472648 
26.8 0.0384832 0.0620597 0.42473 0.474727 
26.9 0.0380383 0.0613604 0.423801 0.476801 
27 0.0376009 0.0606677 0.422862 0.47887 
27.1 0.0371708 0.0599815 0.421914 0.480934 
27.2 0.0367479 0.0593019 0.420958 0.482993 
27.3 0.0363321 0.0586289 0.419993 0.485047 
27.4 0.0359233 0.0579623 0.419019 0.487095 
27.5 0.0355214 0.0573023 0.418037 0.489139 
27.6 0.0351262 0.0566487 0.417047 0.491178 
27.7 0.0347377 0.0560016 0.416049 0.493212 
27.8 0.0343557 0.055361 0.415044 0.49524 
27.9 0.0339802 0.0547267 0.41403 0.497263 
28 0.033611 0.0540989 0.41301 0.499281 
28.1 0.033248 0.0534774 0.411982 0.501293 
28.2 0.0328911 0.0528622 0.410946 0.5033 
28.3 0.0325403 0.0522534 0.409904 0.505302 
28.4 0.0321953 0.0516509 0.408856 0.507298 
28.5 0.0318562 0.0510546 0.4078 0.509289 
28.6 0.0315229 0.0504645 0.406738 0.511274 
28.7 0.0311951 0.0498807 0.40567 0.513254 
28.8 0.0308729 0.049303 0.404596 0.515228 
28.9 0.0305562 0.0487314 0.403515 0.517197 
29 0.0302448 0.0481659 0.402429 0.51916 
29.1 0.0299387 0.0476065 0.401337 0.521117 
29.2 0.0296377 0.0470532 0.40024 0.523069 
29.3 0.0293419 0.0465058 0.399137 0.525015 
29.4 0.0290511 0.0459644 0.398029 0.526956 
29.5 0.0287652 0.0454289 0.396916 0.52889 
29.6 0.0284842 0.0448993 0.395798 0.530819 
29.7 0.0282079 0.0443755 0.394675 0.532742 
29.8 0.0279363 0.0438576 0.393547 0.534659 
29.9 0.0276693 0.0433454 0.392415 0.53657 
30 0.0274069 0.0428389 0.391278 0.538476 
30.1 0.0271489 0.0423382 0.390137 0.540376 
30.2 0.0268953 0.0418431 0.388992 0.542269 
30.3 0.026646 0.0413535 0.387843 0.544157 
30.4 0.026401 0.0408696 0.386691 0.546039 
30.5 0.0261601 0.0403912 0.385534 0.547915 
30.6 0.0259234 0.0399182 0.384374 0.549785 
30.7 0.0256906 0.0394507 0.38321 0.551648 
30.8 0.0254619 0.0389886 0.382043 0.553506 
30.9 0.025237 0.0385319 0.380873 0.555358 
31 0.025016 0.0380804 0.3797 0.557204 
31.1 0.0247987 0.0376343 0.378523 0.559044 
31.2 0.0245852 0.0371933 0.377344 0.560877 
31.3 0.0243753 0.0367576 0.376162 0.562705 
31.4 0.024169 0.0363269 0.374978 0.564527 
31.5 0.0239663 0.0359014 0.37379 0.566342 
31.6 0.023767 0.0354809 0.372601 0.568151 
31.7 0.0235711 0.0350654 0.371409 0.569954 
31.8 0.0233786 0.0346549 0.370215 0.571751 
31.9 0.0231894 0.0342493 0.369019 0.573542 
32 0.0230035 0.0338485 0.367821 0.575327 
32.1 0.0228207 0.0334526 0.366621 0.577105 
32.2 0.0226411 0.0330615 0.36542 0.578878 
32.3 0.0224646 0.0326751 0.364217 0.580644 
32.4 0.0222912 0.0322934 0.363012 0.582404 
32.5 0.0221207 0.0319164 0.361806 0.584157 
32.6 0.0219532 0.0315439 0.360598 0.585905 
32.7 0.0217885 0.031176 0.359389 0.587646 
32.8 0.0216268 0.0308127 0.358179 0.589381 
32.9 0.0214678 0.0304538 0.356968 0.59111 
33 0.0213116 0.0300993 0.355757 0.592833 
33.1 0.0211581 0.0297492 0.354544 0.594549 
33.2 0.0210072 0.0294035 0.35333 0.596259 
33.3 0.020859 0.029062 0.352116 0.597963 
33.4 0.0207134 0.0287248 0.350901 0.599661 
33.5 0.0205703 0.0283918 0.349686 0.601352 
33.6 0.0204297 0.028063 0.34847 0.603037 
33.7 0.0202916 0.0277383 0.347254 0.604716 
33.8 0.0201559 0.0274176 0.346038 0.606389 
33.9 0.0200226 0.0271011 0.344821 0.608055 
34 0.0198916 0.0267885 0.343604 0.609715 
34.1 0.0197629 0.0264798 0.342388 0.611369 
34.2 0.0196365 0.0261751 0.341171 0.613017 
34.3 0.0195123 0.0258742 0.339955 0.614659 
34.4 0.0193904 0.0255771 0.338739 0.616294 
34.5 0.0192706 0.0252838 0.337523 0.617923 
34.6 0.0191529 0.0249943 0.336307 0.619545 
34.7 0.0190373 0.0247085 0.335092 0.621162 
34.8 0.0189238 0.0244263 0.333878 0.622772 
34.9 0.0188123 0.0241477 0.332664 0.624376 
35 0.0187028 0.0238728 0.331451 0.625974 
35.1 0.0185953 0.0236013 0.330238 0.627565 
35.2 0.0184897 0.0233334 0.329026 0.629151 
35.3 0.018386 0.0230689 0.327815 0.63073 
35.4 0.0182842 0.0228078 0.326605 0.632303 
35.5 0.0181842 0.0225501 0.325396 0.633869 
35.6 0.0180861 0.0222957 0.324188 0.63543 
35.7 0.0179897 0.0220447 0.322981 0.636984 
35.8 0.0178951 0.0217969 0.321776 0.638532 
35.9 0.0178022 0.0215523 0.320571 0.640074 
36 0.0177111 0.0213109 0.319368 0.64161 
36.1 0.0176216 0.0210727 0.318166 0.64314 
36.2 0.0175338 0.0208376 0.316966 0.644663 
36.3 0.0174476 0.0206055 0.315767 0.64618 
36.4 0.017363 0.0203765 0.314569 0.647691 
36.5 0.01728 0.0201505 0.313373 0.649196 
36.6 0.0171985 0.0199275 0.312179 0.650695 
36.7 0.0171186 0.0197073 0.310986 0.652188 
36.8 0.0170402 0.0194901 0.309795 0.653675 
36.9 0.0169632 0.0192758 0.308606 0.655155 
37 0.0168878 0.0190642 0.307418 0.65663 
37.1 0.0168138 0.0188555 0.306233 0.658098 
37.2 0.0167411 0.0186495 0.305049 0.659561 
37.3 0.0166699 0.0184462 0.303867 0.661017 
37.4 0.0166001 0.0182456 0.302687 0.662467 
37.5 0.0165316 0.0180477 0.30151 0.663911 
37.6 0.0164645 0.0178524 0.300334 0.665349 
37.7 0.0163987 0.0176597 0.29916 0.666781 
37.8 0.0163342 0.0174695 0.297989 0.668208 
37.9 0.0162709 0.0172819 0.29682 0.669628 
38 0.0162089 0.0170967 0.295653 0.671042 
38.1 0.0161482 0.0169141 0.294488 0.67245 
38.2 0.0160887 0.0167338 0.293325 0.673852 
38.3 0.0160303 0.016556 0.292165 0.675248 
38.4 0.0159732 0.0163805 0.291007 0.676639 
38.5 0.0159173 0.0162074 0.289852 0.678023 
38.6 0.0158625 0.0160365 0.288699 0.679402 
38.7 0.0158088 0.015868 0.287549 0.680774 
38.8 0.0157562 0.0157017 0.286401 0.682141 
38.9 0.0157048 0.0155376 0.285256 0.683502 
39 0.0156544 0.0153757 0.284113 0.684857 
39.1 0.0156051 0.015216 0.282973 0.686206 
39.2 0.0155569 0.0150584 0.281835 0.687549 
39.3 0.0155097 0.0149029 0.2807 0.688887 
39.4 0.0154636 0.0147495 0.279568 0.690219 
39.5 0.0154184 0.0145982 0.278439 0.691545 
39.6 0.0153743 0.0144489 0.277312 0.692865 
39.7 0.0153311 0.0143016 0.276188 0.694179 
39.8 0.0152889 0.0141562 0.275067 0.695488 
39.9 0.0152477 0.0140129 0.273949 0.696791 
40 0.0152074 0.0138714 0.272833 0.698088 
40.1 0.015168 0.0137318 0.271721 0.699379 
40.2 0.0151296 0.0135941 0.270611 0.700665 
40.3 0.0150921 0.0134583 0.269504 0.701945 
40.4 0.0150554 0.0133243 0.2684 0.70322 
40.5 0.0150196 0.013192 0.2673 0.704489 
40.6 0.0149847 0.0130616 0.266202 0.705752 
40.7 0.0149507 0.0129329 0.265107 0.70701 
40.8 0.0149175 0.0128059 0.264015 0.708262 
40.9 0.0148852 0.0126806 0.262926 0.709508 
41 0.0148536 0.012557 0.26184 0.710749 
41.1 0.0148229 0.0124351 0.260758 0.711984 
41.2 0.014793 0.0123148 0.259678 0.713214 
41.3 0.0147638 0.0121961 0.258601 0.714439 
41.4 0.0147355 0.0120791 0.257528 0.715657 
41.5 0.0147079 0.0119635 0.256458 0.716871 
41.6 0.0146811 0.0118496 0.255391 0.718079 
41.7 0.014655 0.0117371 0.254327 0.719281 
41.8 0.0146297 0.0116262 0.253266 0.720478 
41.9 0.0146051 0.0115168 0.252209 0.72167 
42 0.0145812 0.0114088 0.251154 0.722856 
42.1 0.014558 0.0113023 0.250103 0.724037 
42.2 0.0145355 0.0111972 0.249055 0.725212 
42.3 0.0145138 0.0110935 0.248011 0.726382 
42.4 0.0144927 0.0109912 0.246969 0.727547 
42.5 0.0144722 0.0108903 0.245931 0.728706 
42.6 0.0144525 0.0107907 0.244896 0.72986 
42.7 0.0144334 0.0106924 0.243865 0.731009 
42.8 0.0144149 0.0105955 0.242837 0.732153 
42.9 0.0143971 0.0104998 0.241812 0.733291 
43 0.01438 0.0104055 0.24079 0.734424 
43.1 0.0143634 0.0103124 0.239772 0.735552 
43.2 0.0143475 0.0102205 0.238757 0.736675 
43.3 0.0143322 0.0101299 0.237745 0.737792 
43.4 0.0143175 0.0100404 0.236737 0.738905 
43.5 0.0143033 0.00995221 0.235732 0.740012 
43.6 0.0142898 0.00986515 0.234731 0.741114 
43.7 0.0142769 0.00977924 0.233733 0.742211 
43.8 0.0142645 0.00969448 0.232738 0.743303 
43.9 0.0142527 0.00961084 0.231747 0.74439 
44 0.0142414 0.00952832 0.230759 0.745472 
44.1 0.0142307 0.00944689 0.229774 0.746548 
44.2 0.0142206 0.00936654 0.228793 0.74762 
44.3 0.014211 0.00928725 0.227815 0.748687 
44.4 0.0142019 0.00920902 0.226841 0.749749 
44.5 0.0141934 0.00913182 0.22587 0.750805 
44.6 0.0141854 0.00905564 0.224902 0.751857 
44.7 0.0141779 0.00898046 0.223938 0.752904 
44.8 0.0141709 0.00890628 0.222977 0.753946 
44.9 0.0141644 0.00883308 0.22202 0.754983 
45 0.0141584 0.00876084 0.221066 0.756015 
45.1 0.0141529 0.00868955 0.220115 0.757042 
45.2 0.0141479 0.0086192 0.219168 0.758065 
45.3 0.0141433 0.00854977 0.218224 0.759082 
45.4 0.0141393 0.00848126 0.217284 0.760095 
45.5 0.0141357 0.00841364 0.216347 0.761103 
45.6 0.0141326 0.0083469 0.215414 0.762106 
45.7 0.0141299 0.00828104 0.214484 0.763105 
45.8 0.0141277 0.00821604 0.213558 0.764099 
45.9 0.0141259 0.00815189 0.212634 0.765088 
46 0.0141246 0.00808858 0.211715 0.766072 
46.1 0.0141237 0.00802609 0.210798 0.767052 
46.2 0.0141233 0.00796441 0.209886 0.768027 
46.3 0.0141233 0.00790353 0.208976 0.768997 
46.4 0.0141237 0.00784345 0.20807 0.769963 
46.5 0.0141246 0.00778414 0.207168 0.770924 
46.6 0.0141258 0.0077256 0.206268 0.77188 
46.7 0.0141275 0.00766781 0.205373 0.772832 
46.8 0.0141296 0.00761077 0.20448 0.773779 
46.9 0.014132 0.00755447 0.203591 0.774722 
47 0.0141349 0.00749889 0.202706 0.77566 
47.1 0.0141382 0.00744403 0.201824 0.776594 
47.2 0.0141419 0.00738987 0.200945 0.777523 
47.3 0.0141459 0.0073364 0.20007 0.778448 
47.4 0.0141504 0.00728362 0.199198 0.779368 
47.5 0.0141552 0.00723151 0.198329 0.780284 
47.6 0.0141604 0.00718007 0.197464 0.781195 
47.7 0.0141659 0.00712928 0.196602 0.782102 
47.8 0.0141719 0.00707914 0.195744 0.783005 
47.9 0.0141782 0.00702963 0.194889 0.783903 
48 0.0141848 0.00698075 0.194037 0.784797 
48.1 0.0141918 0.00693249 0.193189 0.785687 
48.2 0.0141992 0.00688485 0.192344 0.786572 
48.3 0.0142069 0.0068378 0.191502 0.787453 
48.4 0.014215 0.00679134 0.190664 0.788329 
48.5 0.0142234 0.00674547 0.189829 0.789202 
48.6 0.0142321 0.00670017 0.188998 0.79007 
48.7 0.0142412 0.00665544 0.18817 0.790934 
48.8 0.0142506 0.00661127 0.187345 0.791793 
48.9 0.0142604 0.00656765 0.186523 0.792649 
49 0.0142704 0.00652457 0.185705 0.7935 
49.1 0.0142808 0.00648203 0.18489 0.794347 
49.2 0.0142916 0.00644002 0.184078 0.79519 
49.3 0.0143026 0.00639853 0.18327 0.796029 
49.4 0.0143139 0.00635754 0.182465 0.796864 
49.5 0.0143256 0.00631707 0.181663 0.797694 
49.6 0.0143376 0.00627709 0.180865 0.798521 
49.7 0.0143499 0.00623761 0.180069 0.799343 
49.8 0.0143625 0.0061986 0.179277 0.800162 
49.9 0.0143753 0.00616008 0.178489 0.800976 
50 0.0143885 0.00612202 0.177703 0.801786 
50.1 0.014402 0.00608443 0.176921 0.802593 
50.2 0.0144158 0.00604729 0.176142 0.803395 
50.3 0.0144298 0.00601061 0.175366 0.804193 
50.4 0.0144442 0.00597436 0.174594 0.804988 
50.5 0.0144588 0.00593856 0.173824 0.805778 
50.6 0.0144737 0.00590318 0.173058 0.806565 
50.7 0.0144889 0.00586824 0.172295 0.807348 
50.8 0.0145044 0.0058337 0.171535 0.808126 
50.9 0.0145202 0.00579959 0.170779 0.808901 
51 0.0145362 0.00576588 0.170026 0.809672 
51.1 0.0145525 0.00573256 0.169275 0.81044 
51.2 0.0145691 0.00569965 0.168528 0.811203 
51.3 0.0145859 0.00566712 0.167784 0.811963 
51.4 0.014603 0.00563498 0.167043 0.812719 
51.5 0.0146203 0.00560322 0.166306 0.813471 
51.6 0.014638 0.00557183 0.165571 0.814219 
51.7 0.0146558 0.0055408 0.16484 0.814963 
51.8 0.014674 0.00551014 0.164112 0.815704 
51.9 0.0146924 0.00547984 0.163386 0.816441 
52 0.014711 0.00544989 0.162664 0.817175 
52.1 0.0147299 0.00542028 0.161945 0.817905 
52.2 0.014749 0.00539102 0.161229 0.818631 
52.3 0.0147684 0.00536209 0.160516 0.819353 
52.4 0.014788 0.0053335 0.159806 0.820072 
52.5 0.0148079 0.00530523 0.1591 0.820787 
52.6 0.014828 0.00527729 0.158396 0.821499 
52.7 0.0148484 0.00524966 0.157695 0.822207 
52.8 0.0148689 0.00522235 0.156997 0.822911 
52.9 0.0148898 0.00519535 0.156303 0.823612 
53 0.0149108 0.00516865 0.155611 0.82431 
53.1 0.0149321 0.00514225 0.154922 0.825004 
53.2 0.0149536 0.00511615 0.154236 0.825694 
53.3 0.0149753 0.00509034 0.153553 0.826381 
53.4 0.0149973 0.00506482 0.152874 0.827064 
53.5 0.0150195 0.00503958 0.152197 0.827744 
53.6 0.0150419 0.00501462 0.151523 0.828421 
53.7 0.0150645 0.00498994 0.150852 0.829094 
53.8 0.0150874 0.00496553 0.150184 0.829763 
53.9 0.0151105 0.00494138 0.149519 0.83043 
54 0.0151337 0.0049175 0.148856 0.831092 
54.1 0.0151572 0.00489388 0.148197 0.831752 
54.2 0.015181 0.00487052 0.14754 0.832408 
54.3 0.0152049 0.0048474 0.146887 0.833061 
54.4 0.015229 0.00482454 0.146236 0.83371 
54.5 0.0152534 0.00480193 0.145588 0.834356 
54.6 0.0152779 0.00477955 0.144943 0.834999 
54.7 0.0153027 0.00475742 0.144301 0.835639 
54.8 0.0153277 0.00473552 0.143662 0.836275 
54.9 0.0153528 0.00471385 0.143025 0.836908 
55 0.0153782 0.00469241 0.142391 0.837538 
55.1 0.0154038 0.00467119 0.14176 0.838165 
55.2 0.0154295 0.0046502 0.141132 0.838788 
55.3 0.0154555 0.00462943 0.140507 0.839408 
55.4 0.0154817 0.00460887 0.139884 0.840025 
55.5 0.015508 0.00458853 0.139264 0.840639 
55.6 0.0155346 0.00456839 0.138647 0.84125 
55.7 0.0155613 0.00454846 0.138033 0.841857 
55.8 0.0155883 0.00452874 0.137421 0.842462 
55.9 0.0156154 0.00450922 0.136812 0.843063 
56 0.0156427 0.00448989 0.136206 0.843661 
56.1 0.0156702 0.00447077 0.135603 0.844256 
56.2 0.0156979 0.00445183 0.135002 0.844848 
56.3 0.0157258 0.00443308 0.134404 0.845437 
56.4 0.0157539 0.00441453 0.133808 0.846023 
56.5 0.0157821 0.00439615 0.133215 0.846606 
56.6 0.0158106 0.00437796 0.132625 0.847186 
56.7 0.0158392 0.00435995 0.132038 0.847763 
56.8 0.015868 0.00434212 0.131453 0.848337 
56.9 0.0158969 0.00432446 0.130871 0.848908 
57 0.0159261 0.00430697 0.130291 0.849476 
57.1 0.0159554 0.00428965 0.129714 0.850041 
57.2 0.0159849 0.0042725 0.129139 0.850603 
57.3 0.0160146 0.00425551 0.128568 0.851162 
57.4 0.0160445 0.00423869 0.127998 0.851719 
57.5 0.0160745 0.00422203 0.127432 0.852272 
57.6 0.0161047 0.00420552 0.126867 0.852822 
57.7 0.0161351 0.00418918 0.126306 0.85337 
57.8 0.0161656 0.00417298 0.125747 0.853915 
57.9 0.0161963 0.00415694 0.12519 0.854457 
58 0.0162272 0.00414105 0.124636 0.854996 
58.1 0.0162582 0.0041253 0.124084 0.855532 
58.2 0.0162894 0.0041097 0.123535 0.856066 
58.3 0.0163208 0.00409424 0.122989 0.856596 
58.4 0.0163524 0.00407893 0.122445 0.857124 
58.5 0.0163841 0.00406376 0.121903 0.857649 
58.6 0.0164159 0.00404872 0.121364 0.858172 
58.7 0.016448 0.00403382 0.120827 0.858691 
58.8 0.0164801 0.00401905 0.120293 0.859208 
58.9 0.0165125 0.00400441 0.119761 0.859722 
59 0.016545 0.00398991 0.119231 0.860234 
59.1 0.0165777 0.00397553 0.118704 0.860743 
59.2 0.0166105 0.00396128 0.118179 0.861249 
59.3 0.0166435 0.00394715 0.117657 0.861752 
59.4 0.0166766 0.00393315 0.117137 0.862253 
59.5 0.0167099 0.00391927 0.11662 0.862751 
59.6 0.0167434 0.00390551 0.116104 0.863247 
59.7 0.016777 0.00389187 0.115592 0.86374 
59.8 0.0168107 0.00387834 0.115081 0.86423 
59.9 0.0168446 0.00386493 0.114573 0.864718 
60 0.0168787 0.00385163 0.114067 0.865203 
60.1 0.0169129 0.00383845 0.113564 0.865685 
60.2 0.0169473 0.00382537 0.113062 0.866165 
60.3 0.0169818 0.00381241 0.112563 0.866643 
60.4 0.0170164 0.00379955 0.112067 0.867117 
60.5 0.0170512 0.0037868 0.111572 0.86759 
60.6 0.0170862 0.00377415 0.11108 0.86806 
60.7 0.0171213 0.0037616 0.11059 0.868527 
60.8 0.0171565 0.00374916 0.110102 0.868992 
60.9 0.0171919 0.00373682 0.109617 0.869454 
61 0.0172275 0.00372458 0.109134 0.869914 
61.1 0.0172631 0.00371243 0.108653 0.870372 
61.2 0.017299 0.00370038 0.108174 0.870827 
61.3 0.0173349 0.00368843 0.107697 0.871279 
61.4 0.017371 0.00367657 0.107223 0.871729 
61.5 0.0174073 0.0036648 0.106751 0.872177 
61.6 0.0174437 0.00365313 0.106281 0.872622 
61.7 0.0174802 0.00364154 0.105813 0.873065 
61.8 0.0175169 0.00363004 0.105347 0.873506 
61.9 0.0175537 0.00361864 0.104884 0.873944 
62 0.0175906 0.00360731 0.104422 0.87438 
62.1 0.0176277 0.00359608 0.103963 0.874813 
62.2 0.0176649 0.00358493 0.103506 0.875245 
62.3 0.0177023 0.00357386 0.10305 0.875673 
62.4 0.0177398 0.00356287 0.102597 0.8761 
62.5 0.0177774 0.00355197 0.102146 0.876524 
62.6 0.0178151 0.00354114 0.101698 0.876946 
62.7 0.017853 0.0035304 0.101251 0.877366 
62.8 0.0178911 0.00351973 0.100806 0.877783 
62.9 0.0179292 0.00350914 0.100363 0.878198 
63 0.0179675 0.00349862 0.0999227 0.878611 
63.1 0.0180059 0.00348818 0.0994841 0.879022 
63.2 0.0180445 0.00347782 0.0990475 0.87943 
63.3 0.0180832 0.00346753 0.0986129 0.879836 
63.4 0.018122 0.00345731 0.0981803 0.88024 
63.5 0.0181609 0.00344716 0.0977497 0.880642 
63.6 0.0182 0.00343708 0.0973211 0.881042 
63.7 0.0182392 0.00342707 0.0968945 0.881439 
63.8 0.0182786 0.00341713 0.0964699 0.881834 
63.9 0.018318 0.00340726 0.0960472 0.882228 
64 0.0183576 0.00339745 0.0956265 0.882618 
64.1 0.0183973 0.00338771 0.0952077 0.883007 
64.2 0.0184371 0.00337803 0.0947909 0.883394 
64.3 0.0184771 0.00336842 0.094376 0.883778 
64.4 0.0185172 0.00335888 0.093963 0.884161 
64.5 0.0185574 0.00334939 0.0935519 0.884541 
64.6 0.0185977 0.00333997 0.0931427 0.88492 
64.7 0.0186382 0.00333061 0.0927355 0.885296 
64.8 0.0186788 0.00332131 0.0923301 0.88567 
64.9 0.0187195 0.00331207 0.0919265 0.886042 
65 0.0187603 0.00330288 0.0915249 0.886412 
65.1 0.0188013 0.00329376 0.0911251 0.88678 
65.2 0.0188423 0.00328469 0.0907272 0.887146 
65.3 0.0188835 0.00327568 0.0903311 0.88751 
65.4 0.0189249 0.00326673 0.0899368 0.887872 
65.5 0.0189663 0.00325783 0.0895444 0.888232 
65.6 0.0190078 0.00324898 0.0891538 0.888589 
65.7 0.0190495 0.00324019 0.088765 0.888945 
65.8 0.0190913 0.00323146 0.088378 0.889299 
65.9 0.0191332 0.00322277 0.0879928 0.889651 
66 0.0191752 0.00321414 0.0876093 0.890001 
66.1 0.0192174 0.00320556 0.0872277 0.890349 
66.2 0.0192596 0.00319703 0.0868478 0.890695 
66.3 0.019302 0.00318855 0.0864697 0.89104 
66.4 0.0193445 0.00318012 0.0860934 0.891382 
66.5 0.0193871 0.00317174 0.0857188 0.891722 
66.6 0.0194298 0.0031634 0.0853459 0.892061 
66.7 0.0194727 0.00315512 0.0849748 0.892397 
66.8 0.0195156 0.00314688 0.0846054 0.892732 
66.9 0.0195587 0.00313869 0.0842377 0.893065 
67 0.0196019 0.00313054 0.0838717 0.893396 
67.1 0.0196452 0.00312244 0.0835074 0.893725 
67.2 0.0196886 0.00311439 0.0831448 0.894052 
67.3 0.0197321 0.00310638 0.0827839 0.894378 
67.4 0.0197757 0.00309841 0.0824247 0.894701 
67.5 0.0198195 0.00309049 0.0820671 0.895023 
67.6 0.0198633 0.00308261 0.0817112 0.895343 
67.7 0.0199073 0.00307477 0.081357 0.895661 
67.8 0.0199514 0.00306698 0.0810044 0.895977 
67.9 0.0199956 0.00305922 0.0806534 0.896292 
68 0.0200399 0.00305151 0.0803041 0.896605 
68.1 0.0200843 0.00304384 0.0799564 0.896916 
68.2 0.0201288 0.00303621 0.0796103 0.897225 
68.3 0.0201734 0.00302861 0.0792658 0.897532 
68.4 0.0202182 0.00302106 0.0789229 0.897838 
68.5 0.020263 0.00301354 0.0785816 0.898142 
68.6 0.0203079 0.00300607 0.0782419 0.898444 
68.7 0.020353 0.00299863 0.0779038 0.898745 
68.8 0.0203982 0.00299123 0.0775672 0.899043 
68.9 0.0204434 0.00298386 0.0772322 0.89934 
69 0.0204888 0.00297654 0.0768988 0.899636 
69.1 0.0205343 0.00296924 0.0765669 0.89993 
69.2 0.0205799 0.00296199 0.0762366 0.900222 
69.3 0.0206256 0.00295477 0.0759078 0.900512 
69.4 0.0206714 0.00294758 0.0755805 0.9008 
69.5 0.0207173 0.00294043 0.0752548 0.901087 
69.6 0.0207633 0.00293332 0.0749305 0.901373 
69.7 0.0208094 0.00292623 0.0746078 0.901657 
69.8 0.0208557 0.00291918 0.0742866 0.901939 
69.9 0.020902 0.00291217 0.0739669 0.902219 
70 0.0209484 0.00290519 0.0736486 0.902498 
70.1 0.0209949 0.00289823 0.0733318 0.902775 
70.2 0.0210416 0.00289132 0.0730166 0.903051 
70.3 0.0210883 0.00288443 0.0727027 0.903325 
70.4 0.0211351 0.00287757 0.0723904 0.903597 
70.5 0.0211821 0.00287075 0.0720794 0.903868 
70.6 0.0212291 0.00286396 0.07177 0.904137 
70.7 0.0212763 0.00285719 0.0714619 0.904405 
70.8 0.0213235 0.00285046 0.0711553 0.904671 
70.9 0.0213708 0.00284376 0.0708502 0.904935 
71 0.0214183 0.00283708 0.0705464 0.905198 
71.1 0.0214658 0.00283044 0.0702441 0.90546 
71.2 0.0215135 0.00282382 0.0699432 0.90572 
71.3 0.0215612 0.00281723 0.0696436 0.905978 
71.4 0.021609 0.00281067 0.0693455 0.906235 
71.5 0.021657 0.00280414 0.0690487 0.90649 
71.6 0.021705 0.00279764 0.0687533 0.906744 
71.7 0.0217532 0.00279116 0.0684593 0.906996 
71.8 0.0218014 0.00278472 0.0681667 0.907247 
71.9 0.0218497 0.00277829 0.0678754 0.907497 
72 0.0218981 0.0027719 0.0675855 0.907744 
72.1 0.0219467 0.00276553 0.0672969 0.907991 
72.2 0.0219953 0.00275919 0.0670097 0.908236 
72.3 0.022044 0.00275287 0.0667238 0.908479 
72.4 0.0220928 0.00274658 0.0664392 0.908721 
72.5 0.0221417 0.00274031 0.066156 0.908962 
72.6 0.0221907 0.00273407 0.065874 0.909201 
72.7 0.0222398 0.00272786 0.0655934 0.909439 
72.8 0.022289 0.00272167 0.0653141 0.909675 
72.9 0.0223383 0.0027155 0.0650361 0.90991 
73 0.0223877 0.00270936 0.0647593 0.910144 
73.1 0.0224372 0.00270324 0.0644839 0.910376 
73.2 0.0224868 0.00269714 0.0642097 0.910606 
73.3 0.0225364 0.00269107 0.0639368 0.910836 
73.4 0.0225862 0.00268502 0.0636652 0.911064 
73.5 0.0226361 0.002679 0.0633949 0.91129 
73.6 0.022686 0.00267299 0.0631258 0.911515 
73.7 0.0227361 0.00266701 0.0628579 0.911739 
73.8 0.0227862 0.00266105 0.0625913 0.911961 
73.9 0.0228364 0.00265512 0.0623259 0.912183 
74 0.0228867 0.00264921 0.0620618 0.912402 
74.1 0.0229372 0.00264331 0.0617988 0.912621 
74.2 0.0229877 0.00263744 0.0615371 0.912838 
74.3 0.0230382 0.00263159 0.0612767 0.913053 
74.4 0.0230889 0.00262577 0.0610174 0.913268 
74.5 0.0231397 0.00261996 0.0607593 0.913481 
74.6 0.0231906 0.00261417 0.0605024 0.913693 
74.7 0.0232415 0.00260841 0.0602468 0.913903 
74.8 0.0232926 0.00260267 0.0599923 0.914113 
74.9 0.0233437 0.00259694 0.0597389 0.91432 
75 0.0233949 0.00259124 0.0594868 0.914527 
75.1 0.0234463 0.00258555 0.0592358 0.914732 
75.2 0.0234977 0.00257989 0.058986 0.914936 
75.3 0.0235492 0.00257424 0.0587374 0.915139 
75.4 0.0236007 0.00256862 0.0584899 0.915341 
75.5 0.0236524 0.00256301 0.0582435 0.915541 
75.6 0.0237042 0.00255742 0.0579983 0.91574 
75.7 0.023756 0.00255186 0.0577542 0.915938 
75.8 0.0238079 0.00254631 0.0575113 0.916134 
75.9 0.02386 0.00254078 0.0572694 0.91633 
76 0.0239121 0.00253526 0.0570287 0.916524 
76.1 0.0239643 0.00252977 0.0567892 0.916717 
76.2 0.0240166 0.00252429 0.0565507 0.916908 
76.3 0.0240689 0.00251884 0.0563133 0.917099 
76.4 0.0241214 0.0025134 0.056077 0.917288 
76.5 0.0241739 0.00250798 0.0558419 0.917476 
76.6 0.0242266 0.00250257 0.0556078 0.917663 
76.7 0.0242793 0.00249718 0.0553748 0.917849 
76.8 0.0243321 0.00249182 0.0551428 0.918033 
76.9 0.024385 0.00248646 0.054912 0.918217 
77 0.0244379 0.00248113 0.0546822 0.918399 
77.1 0.024491 0.00247581 0.0544535 0.91858 
77.2 0.0245441 0.00247051 0.0542258 0.91876 
77.3 0.0245973 0.00246522 0.0539992 0.918938 
77.4 0.0246506 0.00245996 0.0537736 0.919116 
77.5 0.024704 0.0024547 0.0535491 0.919292 
77.6 0.0247575 0.00244947 0.0533256 0.919467 
77.7 0.0248111 0.00244425 0.0531031 0.919642 
77.8 0.0248647 0.00243905 0.0528817 0.919815 
77.9 0.0249184 0.00243386 0.0526613 0.919986 
78 0.0249722 0.00242869 0.0524419 0.920157 
78.1 0.0250261 0.00242353 0.0522235 0.920327 
78.2 0.0250801 0.00241839 0.0520062 0.920495 
78.3 0.0251342 0.00241327 0.0517898 0.920663 
78.4 0.0251883 0.00240816 0.0515745 0.920829 
78.5 0.0252425 0.00240306 0.0513601 0.920994 
78.6 0.0252968 0.00239798 0.0511467 0.921158 
78.7 0.0253512 0.00239292 0.0509343 0.921322 
78.8 0.0254057 0.00238787 0.0507229 0.921484 
78.9 0.0254602 0.00238284 0.0505124 0.921644 
79 0.0255148 0.00237782 0.050303 0.921804 
79.1 0.0255696 0.00237281 0.0500945 0.921963 
79.2 0.0256243 0.00236783 0.0498869 0.922121 
79.3 0.0256792 0.00236285 0.0496803 0.922278 
79.4 0.0257342 0.00235789 0.0494747 0.922433 
79.5 0.0257892 0.00235294 0.04927 0.922588 
79.6 0.0258443 0.00234801 0.0490663 0.922741 
79.7 0.0258995 0.00234309 0.0488634 0.922894 
79.8 0.0259547 0.00233819 0.0486616 0.923046 
79.9 0.0260101 0.0023333 0.0484606 0.923196 
80 0.0260655 0.00232842 0.0482606 0.923345 
80.1 0.026121 0.00232356 0.0480615 0.923494 
80.2 0.0261766 0.00231871 0.0478633 0.923641 
80.3 0.0262322 0.00231387 0.047666 0.923788 
80.4 0.026288 0.00230905 0.0474697 0.923933 
80.5 0.0263438 0.00230424 0.0472742 0.924078 
80.6 0.0263997 0.00229944 0.0470796 0.924221 
80.7 0.0264557 0.00229466 0.046886 0.924364 
80.8 0.0265117 0.00228989 0.0466932 0.924505 
80.9 0.0265678 0.00228513 0.0465013 0.924646 
81 0.026624 0.00228039 0.0463103 0.924785 
81.1 0.0266803 0.00227566 0.0461201 0.924924 
81.2 0.0267367 0.00227094 0.0459309 0.925062 
81.3 0.0267931 0.00226624 0.0457425 0.925198 
81.4 0.0268496 0.00226155 0.045555 0.925334 
81.5 0.0269062 0.00225687 0.0453683 0.925469 
81.6 0.0269628 0.0022522 0.0451825 0.925602 
81.7 0.0270196 0.00224754 0.0449975 0.925735 
81.8 0.0270764 0.0022429 0.0448134 0.925867 
81.9 0.0271333 0.00223827 0.0446301 0.925998 
82 0.0271902 0.00223365 0.0444477 0.926128 
82.1 0.0272472 0.00222905 0.0442661 0.926258 
82.2 0.0273044 0.00222445 0.0440854 0.926386 
82.3 0.0273615 0.00221987 0.0439054 0.926513 
82.4 0.0274188 0.0022153 0.0437263 0.92664 
82.5 0.0274761 0.00221075 0.043548 0.926765 
82.6 0.0275335 0.0022062 0.0433705 0.92689 
82.7 0.027591 0.00220167 0.0431939 0.927013 
82.8 0.0276486 0.00219714 0.043018 0.927136 
82.9 0.0277062 0.00219263 0.042843 0.927258 
83 0.0277639 0.00218813 0.0426687 0.927379 
83.1 0.0278217 0.00218365 0.0424953 0.927499 
83.2 0.0278795 0.00217917 0.0423226 0.927619 
83.3 0.0279374 0.00217471 0.0421508 0.927737 
83.4 0.0279954 0.00217025 0.0419797 0.927855 
83.5 0.0280535 0.00216581 0.0418094 0.927971 
83.6 0.0281116 0.00216138 0.0416399 0.928087 
83.7 0.0281698 0.00215696 0.0414711 0.928202 
83.8 0.0282281 0.00215255 0.0413031 0.928316 
83.9 0.0282864 0.00214816 0.0411359 0.928429 
84 0.0283449 0.00214377 0.0409695 0.928542 
84.1 0.0284034 0.00213939 0.0408038 0.928653 
84.2 0.0284619 0.00213503 0.0406388 0.928764 
84.3 0.0285205 0.00213068 0.0404747 0.928874 
84.4 0.0285793 0.00212633 0.0403112 0.928983 
84.5 0.028638 0.002122 0.0401485 0.929091 
84.6 0.0286969 0.00211768 0.0399866 0.929199 
84.7 0.0287558 0.00211337 0.0398254 0.929305 
84.8 0.0288148 0.00210907 0.0396649 0.929411 
84.9 0.0288738 0.00210478 0.0395052 0.929516 
85 0.028933 0.0021005 0.0393461 0.92962 
85.1 0.0289922 0.00209624 0.0391879 0.929724 
85.2 0.0290514 0.00209198 0.0390303 0.929826 
85.3 0.0291107 0.00208773 0.0388734 0.929928 
85.4 0.0291702 0.00208349 0.0387173 0.930029 
85.5 0.0292296 0.00207927 0.0385618 0.930129 
85.6 0.0292892 0.00207505 0.0384071 0.930229 
85.7 0.0293488 0.00207084 0.0382531 0.930327 
85.8 0.0294084 0.00206665 0.0380998 0.930425 
85.9 0.0294682 0.00206246 0.0379471 0.930522 
86 0.029528 0.00205829 0.0377952 0.930619 
86.1 0.0295879 0.00205412 0.037644 0.930714 
86.2 0.0296478 0.00204996 0.0374934 0.930809 
86.3 0.0297078 0.00204582 0.0373435 0.930903 
86.4 0.0297679 0.00204168 0.0371943 0.930996 
86.5 0.0298281 0.00203756 0.0370458 0.931089 
86.6 0.0298883 0.00203344 0.036898 0.93118 
86.7 0.0299486 0.00202933 0.0367508 0.931271 
86.8 0.0300089 0.00202524 0.0366043 0.931362 
86.9 0.0300694 0.00202115 0.0364584 0.931451 
87 0.0301298 0.00201707 0.0363132 0.93154 
87.1 0.0301904 0.002013 0.0361687 0.931628 
87.2 0.030251 0.00200894 0.0360248 0.931715 
87.3 0.0303117 0.0020049 0.0358816 0.931802 
87.4 0.0303724 0.00200086 0.035739 0.931888 
87.5 0.0304332 0.00199683 0.0355971 0.931973 
87.6 0.0304941 0.00199281 0.0354558 0.932057 
87.7 0.0305551 0.0019888 0.0353152 0.932141 
87.8 0.0306161 0.00198479 0.0351752 0.932224 
87.9 0.0306771 0.0019808 0.0350358 0.932306 
88 0.0307383 0.00197682 0.034897 0.932388 
88.1 0.0307995 0.00197284 0.0347589 0.932469 
88.2 0.0308608 0.00196888 0.0346214 0.932549 
88.3 0.0309221 0.00196493 0.0344845 0.932628 
88.4 0.0309835 0.00196098 0.0343483 0.932707 
88.5 0.0310449 0.00195704 0.0342126 0.932785 
88.6 0.0311065 0.00195311 0.0340776 0.932863 
88.7 0.031168 0.0019492 0.0339431 0.93294 
88.8 0.0312297 0.00194529 0.0338093 0.933016 
88.9 0.0312914 0.00194139 0.0336761 0.933091 
89 0.0313532 0.00193749 0.0335435 0.933166 
89.1 0.031415 0.00193361 0.0334114 0.93324 
89.2 0.0314769 0.00192974 0.03328 0.933313 
89.3 0.0315389 0.00192587 0.0331492 0.933386 
89.4 0.0316009 0.00192202 0.0330189 0.933458 
89.5 0.031663 0.00191817 0.0328893 0.93353 
89.6 0.0317252 0.00191433 0.0327602 0.9336 
89.7 0.0317874 0.0019105 0.0326317 0.93367 
89.8 0.0318497 0.00190668 0.0325038 0.93374 
89.9 0.031912 0.00190287 0.0323764 0.933809 
90 0.0319744 0.00189907 0.0322496 0.933877 
90.1 0.0320369 0.00189527 0.0321234 0.933944 
90.2 0.0320994 0.00189148 0.0319978 0.934011 
90.3 0.032162 0.00188771 0.0318727 0.934078 
90.4 0.0322246 0.00188394 0.0317482 0.934143 
90.5 0.0322873 0.00188018 0.0316242 0.934208 
90.6 0.0323501 0.00187643 0.0315008 0.934273 
90.7 0.0324129 0.00187268 0.031378 0.934336 
90.8 0.0324758 0.00186895 0.0312557 0.9344 
90.9 0.0325387 0.00186522 0.0311339 0.934462 
91 0.0326017 0.0018615 0.0310127 0.934524 
91.1 0.0326648 0.00185779 0.0308921 0.934585 
91.2 0.0327279 0.00185409 0.0307719 0.934646 
91.3 0.0327911 0.0018504 0.0306523 0.934706 
